['DSfss', 'DStopn']
[0.25742116517420116, 11, 0.5]
[0.16324598225176307, 4, 0.5]
[0.2104324988024093, 4, 0.5]
[0.131173308652207, 1, 0.5]
[0.22054351857988042, 13, 0.5]
[0.24668895583510833, 6, 0.5]
[0.3529347650004515, 1, 0.5]
[0.43023155692593895, 9, 0.5]
[0.14375779603837702, 2, 0.5]
[0.31937496456794323, 13, 0.5]
[0.19039244090723312, 5, 0.5]
[0.13972383588863035, 4, 0.5]
[0.34618561737459175, 13, 0.5]
[0.46779757223440044, 10, 0.5]
[0.32553315121401794, 4, 0.5]
[0.4358459808428522, 8, 0.5]
[0.11918038558841465, 11, 0.5]
[0.17342701510216468, 10, 0.5]
[0.4741191800358808, 1, 0.5]
[0.2977835976490514, 12, 0.5]
[0.2646419380479622, 11, 0.5]
[0.3814338091696581, 7, 0.5]
[0.27264308175480956, 12, 0.5]
[0.2697583764174879, 11, 0.5]
[0.38479027395737614, 7, 0.5]
[0.2911612723551415, 12, 0.5]
[0.23675925914729065, 11, 0.5]
[0.3817159939307064, 7, 0.5]
[0.2858867289794146, 3, 0.5]
[0.23031597113653018, 0, 0.5]
[0.40044229904399464, 7, 0.5]
[0.20011123487338883, 3, 0.5]
[0.23005970913647802, 0, 0.5]
[0.41375787727548813, 6, 0.5]
[0.19724924869771565, 3, 0.5]
[0.31104656744554926, 9, 0.5]
[0.2590331433291004, 11, 0.5]
[0.1068091097127819, 11, 0.5]
[0.4955654871847578, 8, 0.5]
[0.36238898016058324, 5, 0.5]
[0.16496179246237372, 12, 0.5]
[0.3375857849634076, 12, 0.5]
[0.2169962576264638, 2, 0.5]
[0.1805544202586999, 11, 0.5]
[0.4437347393109137, 6, 0.5]
[0.36543467210345776, 7, 0.5]
[0.14502921010302666, 13, 0.5]
[0.29174556990851763, 1, 0.5]
[0.24177703241598753, 11, 0.5]
[0.1557824009044554, 4, 0.5]
[0.33674897735570053, 9, 0.5]
[0.3156233996177058, 10, 0.5]
[0.25297142368817416, 3, 0.5]
[0.2058947821662296, 3, 0.5]
[0.12029068011692695, 0, 0.5]
[0.21527036857175233, 0, 0.5]
[0.40895902563216585, 7, 0.5]
[0.4949259591964986, 2, 0.5]
[0.19031796526360187, 5, 0.5]
[0.27952752997426267, 3, 0.5]
[0.2346414826963953, 0, 0.5]
[0.30753967364405616, 0, 0.5]
[0.46417561003421737, 6, 0.5]
[0.41862276317802066, 6, 0.5]
[0.13082045296061903, 8, 0.5]
[0.3272617203314656, 9, 0.5]
[0.259033638614897, 9, 0.5]
[0.3132455416145898, 11, 0.5]
[0.15500531235753018, 11, 0.5]
[0.17675076517556598, 11, 0.5]
[0.11027874708621674, 8, 0.5]
[0.3544408517642344, 4, 0.5]
[0.3416496675541887, 10, 0.5]
[0.39663909514810075, 10, 0.5]
[0.29881981369668864, 10, 0.5]
[0.20405427457624514, 3, 0.5]
[0.12428669654801246, 13, 0.5]
[0.2237668839752332, 1, 0.5]
[0.18414439360427254, 0, 0.5]
[0.21320055677408137, 7, 0.5]
[0.45451616636877984, 2, 0.5]
[0.495965335836323, 2, 0.5]
[0.24830040851047105, 5, 0.5]
[0.2782080772177583, 5, 0.5]
[0.27920975448556906, 3, 0.5]
[0.23620075830791715, 0, 0.5]
[0.3044408274790765, 0, 0.5]
[0.43072840482852665, 6, 0.5]
[0.4557077081376272, 6, 0.5]
[0.48495912824261966, 6, 0.5]
[0.13600069527665812, 8, 0.5]
[0.3289818282784607, 9, 0.5]
[0.2623786646405849, 9, 0.5]
[0.3902425566400438, 9, 0.5]
[0.3747592762371998, 11, 0.5]
[0.15524489907597686, 11, 0.5]
[0.17829621168330778, 11, 0.5]
[0.1707065355486409, 11, 0.5]
[0.10167020384952835, 8, 0.5]
[0.3605058025796093, 4, 0.5]
[0.3530433810442768, 4, 0.5]
[0.3535579954739778, 4, 0.5]
[0.3966766318800432, 10, 0.5]
[0.32256627288982465, 10, 0.5]
[0.27018892226825664, 3, 0.5]
[0.19538284770522352, 13, 0.5]
[0.2025036614857061, 13, 0.5]
[0.16468806623341165, 1, 0.5]
[0.18669962295484321, 1, 0.5]
[0.22285846021593805, 1, 0.5]
[0.1472408173030188, 7, 0.5]
[0.2894025263528861, 2, 0.5]
[0.44491647038291343, 2, 0.5]
[0.41852336991739325, 2, 0.5]
[0.2443240462607299, 12, 0.5]
[0.25294936289170655, 5, 0.5]
[0.2791584666452787, 5, 0.5]
[0.276945993771792, 5, 0.5]
[0.23478536797784205, 3, 0.5]
[0.26659445984772645, 0, 0.5]
[0.4262373008182786, 6, 0.5]
[0.405944692885289, 6, 0.5]
[0.4684584017750097, 6, 0.5]
[0.48640490322680735, 6, 0.5]
[0.12993824946551233, 8, 0.5]
[0.1377272224251888, 8, 0.5]
[0.374054830740103, 9, 0.5]
[0.3296645847563727, 9, 0.5]
[0.2582367480644019, 9, 0.5]
[0.3453105751821238, 9, 0.5]
[0.3844495249678664, 11, 0.5]
[0.3673268894150691, 11, 0.5]
[0.15268099097549137, 11, 0.5]
[0.11658937464777863, 11, 0.5]
[0.18031584656166671, 11, 0.5]
[0.10303149681976873, 8, 0.5]
[0.29678708233643647, 4, 0.5]
[0.3606651325499756, 4, 0.5]
[0.30896327876049745, 4, 0.5]
[0.31725305581489854, 4, 0.5]
[0.3448914607336145, 10, 0.5]
[0.4401915399074857, 10, 0.5]
[0.39296934455805227, 10, 0.5]
[0.28990006880870317, 9, 0.5]
[0.21266107520062152, 9, 0.5]
[0.37213602361693343, 12, 0.5]
[0.33627108797453326, 11, 0.5]
[0.17320516325095908, 11, 0.5]
[0.165014181097518, 11, 0.5]
[0.19155414273167276, 11, 0.5]
[0.1461439915855209, 8, 0.5]
[0.10287573279861628, 8, 0.5]
[0.11350884031641073, 13, 0.5]
[0.1278962610516965, 12, 0.5]
[0.403608882909788, 4, 0.5]
[0.3579358158178672, 4, 0.5]
[0.34952073558937924, 4, 0.5]
[0.4250131927936094, 4, 0.5]
[0.3227768873381634, 10, 0.5]
[0.3019923039430985, 10, 0.5]
[0.26910504419863174, 3, 0.5]
[0.24724511143916664, 10, 0.5]
[0.22733164522415164, 13, 0.5]
[0.19777431701351267, 13, 0.5]
[0.16419417865539418, 13, 0.5]
[0.20612442812901893, 1, 0.5]
[0.21593855396993633, 13, 0.5]
[0.18322730651432712, 1, 0.5]
[0.24016067355861842, 1, 0.5]
[0.2267275710186717, 1, 0.5]
[0.14533964997715956, 1, 0.5]
[0.22184007878322626, 7, 0.5]
[0.2850382393391665, 2, 0.5]
[0.3341363501465067, 2, 0.5]
[0.4779938668213229, 2, 0.5]
[0.457422500131924, 2, 0.5]
[0.4109027146499927, 12, 0.5]
[0.4467189726496303, 12, 0.5]
[0.24672278087398716, 5, 0.5]
[0.2550456138337354, 5, 0.5]
[0.2798942444085537, 5, 0.5]
[0.27207155128758226, 5, 0.5]
[0.2614068054421368, 5, 0.5]
[0.23220418679619995, 3, 0.5]
[0.2981428217262849, 0, 0.5]
[0.2373916265458983, 0, 0.5]
[0.3132988780209611, 6, 0.5]
[0.4267043501589102, 6, 0.5]
[0.4716427830369481, 6, 0.5]
[0.49932832638719943, 6, 0.5]
[0.4862146554577278, 6, 0.5]
[0.4871181448090071, 6, 0.5]
[0.4609257854389839, 8, 0.5]
[0.4805312306686025, 6, 0.5]
[0.1394280283260696, 8, 0.5]
[0.13084529960651975, 8, 0.5]
[0.3808997303153362, 9, 0.5]
[0.32828328385595246, 9, 0.5]
[0.3788357068297313, 9, 0.5]
[0.3712272286329329, 9, 0.5]
[0.34664059519082374, 9, 0.5]
[0.316337076354552, 9, 0.5]
[0.38402301965216445, 11, 0.5]
[0.36661775665435836, 11, 0.5]
[0.43297686848556605, 11, 0.5]
[0.3902985695416688, 11, 0.5]
[0.15423688553523346, 11, 0.5]
[0.11834526017253183, 11, 0.5]
[0.11031145980620807, 11, 0.5]
[0.15203035781261648, 11, 0.5]
[0.12262555061513741, 7, 0.5]
[0.29555289644771576, 4, 0.5]
[0.3073102057031151, 4, 0.5]
[0.41845183783306983, 4, 0.5]
[0.307169708763515, 4, 0.5]
[0.3213455796083359, 4, 0.5]
[0.34010602275490787, 4, 0.5]
[0.28480291954809966, 4, 0.5]
[0.3159097271526471, 10, 0.5]
[0.3981234295053167, 10, 0.5]
[0.439406666771556, 10, 0.5]
[0.4118131863272047, 10, 0.5]
[0.4452698945056213, 10, 0.5]
[0.2896042199691282, 10, 0.5]
[0.21710429482067198, 9, 0.5]
[0.20625195836329785, 9, 0.5]
[0.25151160422184987, 9, 0.5]
[0.3319802165763631, 12, 0.5]
[0.17235856632322938, 12, 0.5]
[0.35278445137126113, 12, 0.5]
[0.19332681168430793, 11, 0.5]
[0.17160192223137727, 11, 0.5]
[0.1925058306273687, 11, 0.5]
[0.16270601595827106, 11, 0.5]
[0.15931342689840208, 8, 0.5]
[0.1433280078593853, 8, 0.5]
[0.10759485246720318, 13, 0.5]
[0.10231894180040176, 8, 0.5]
[0.11166093532776071, 13, 0.5]
[0.10131012292352028, 12, 0.5]
[0.1293842676933896, 13, 0.5]
[0.13615503521398437, 12, 0.5]
[0.3963531924347103, 7, 0.5]
[0.3597984641538857, 4, 0.5]
[0.420205382621674, 4, 0.5]
[0.35349371737461355, 4, 0.5]
[0.4054458713286342, 3, 0.5]
[0.3489956897550925, 7, 0.5]
[0.2629700837404007, 10, 0.5]
[0.3015860171846747, 10, 0.5]
[0.26946782418746584, 10, 0.5]
[0.2737615803686845, 3, 0.5]
[0.22685851514544136, 3, 0.5]
[0.2498133942838958, 3, 0.5]
[0.20282233579992007, 13, 0.5]
[0.2390453595302572, 13, 0.5]
[0.19870381778122342, 13, 0.5]
[0.21054816082495995, 13, 0.5]
[0.18633114215195393, 13, 0.5]
[0.17965543697063716, 1, 0.5]
[0.21839030960537734, 1, 0.5]
[0.24082934457646138, 1, 0.5]
[0.23178274527730247, 1, 0.5]
[0.2261920727741965, 1, 0.5]
[0.16931083645867595, 1, 0.5]
[0.1849672626665619, 1, 0.5]
[0.2203762652028494, 7, 0.5]
[0.2604528515961724, 7, 0.5]
[0.2804919239582272, 2, 0.5]
[0.29413276738640315, 2, 0.5]
[0.25636160723466284, 2, 0.5]
[0.2835013582986703, 2, 0.5]
[0.45228821262441027, 2, 0.5]
[0.4925801452579506, 2, 0.5]
[0.463198047404175, 2, 0.5]
[0.4488356112682843, 2, 0.5]
[0.4742052873406263, 12, 0.5]
[0.43417870376038986, 12, 0.5]
[0.24620254928545465, 5, 0.5]
[0.2477191418217659, 5, 0.5]
[0.2631104112416125, 5, 0.5]
[0.27492132338519376, 5, 0.5]
[0.28984219310483184, 5, 0.5]
[0.25681567058732163, 5, 0.5]
[0.27011623376763194, 5, 0.5]
[0.2357498737801525, 5, 0.5]
[0.30376168788419694, 0, 0.5]
[0.48341593560819185, 6, 0.5]
[0.1409798973618484, 8, 0.5]
[0.461437357758365, 8, 0.5]
[0.11907529814655443, 8, 0.5]
[0.37926121293857273, 8, 0.5]
[0.387221406620802, 9, 0.5]
[0.38127469756438204, 9, 0.5]
[0.3732614796244726, 9, 0.5]
[0.36984536263282164, 9, 0.5]
[0.3367019045611913, 9, 0.5]
[0.3223648403423011, 9, 0.5]
[0.3632213212833417, 9, 0.5]
[0.3417123105004134, 9, 0.5]
[0.3203194137706057, 11, 0.5]
[0.34389925023353624, 11, 0.5]
[0.4294589307005961, 11, 0.5]
[0.39195416655872084, 11, 0.5]
[0.3893175631111744, 11, 0.5]
[0.41605385892762503, 11, 0.5]
[0.4069768154282605, 11, 0.5]
[0.1525123908024193, 11, 0.5]
[0.15188458565914098, 11, 0.5]
[0.11894089436397645, 11, 0.5]
[0.12406310962086803, 7, 0.5]
[0.11662641211938554, 7, 0.5]
[0.10866780798751374, 7, 0.5]
[0.1338130882053093, 7, 0.5]
[0.30881014136587975, 4, 0.5]
[0.29430244714653825, 4, 0.5]
[0.3032730935432922, 4, 0.5]
[0.3253181273868759, 4, 0.5]
[0.30755333772485466, 4, 0.5]
[0.334268378905138, 4, 0.5]
[0.2845454394020268, 4, 0.5]
[0.31401834516858507, 4, 0.5]
[0.3182004440265759, 4, 0.5]
[0.33950072163763134, 10, 0.5]
[0.40100714063914333, 10, 0.5]
[0.4359808956019395, 10, 0.5]
[0.4468037127608694, 10, 0.5]
[0.4147162006983715, 10, 0.5]
[0.4395727729662481, 10, 0.5]
[0.47105482039942764, 10, 0.5]
[0.4235303243897635, 10, 0.5]
[0.2132777610004379, 10, 0.5]
[0.2094863524368778, 0, 0.5]
[0.2060001877089933, 0, 0.5]
[0.1988055964866377, 9, 0.5]
[0.23207607060800753, 12, 0.5]
[0.17386010074121988, 12, 0.5]
[0.25511008627365067, 12, 0.5]
[0.3321296404018881, 12, 0.5]
[0.16149622905579658, 12, 0.5]
[0.18991342393530622, 12, 0.5]
[0.17378961898369694, 12, 0.5]
[0.1984844773657605, 11, 0.5]
[0.19188626745170734, 11, 0.5]
[0.1627832345569284, 11, 0.5]
[0.17997895811136227, 11, 0.5]
[0.16590804470964332, 11, 0.5]
[0.15912130238365052, 8, 0.5]
[0.1428198686534097, 8, 0.5]
[0.14558229723872237, 8, 0.5]
[0.10328055486547966, 8, 0.5]
[0.10633598064421032, 13, 0.5]
[0.10322679408055757, 13, 0.5]
[0.10103146669556841, 13, 0.5]
[0.12613903056757714, 13, 0.5]
[0.1314569807244809, 13, 0.5]
[0.10022563143631663, 7, 0.5]
[0.1294371921321211, 12, 0.5]
[0.36008220281865455, 7, 0.5]
[0.39508327088265216, 7, 0.5]
[0.4083507263578353, 7, 0.5]
[0.35973418355445286, 4, 0.5]
[0.35600368893586704, 4, 0.5]
[0.4046072637552272, 3, 0.5]
[0.42118545265773105, 3, 0.5]
[0.3494814991883164, 3, 0.5]
[0.3487431751941602, 3, 0.5]
[0.27435815539803304, 3, 0.5]
[0.30121466863701385, 10, 0.5]
[0.2682836855143322, 10, 0.5]
[0.27583247098642355, 10, 0.5]
[0.22595110042800357, 3, 0.5]
[0.24755879109956463, 3, 0.5]
[0.2215245546231855, 3, 0.5]
[0.2386250431284769, 3, 0.5]
[0.22917006306977242, 3, 0.5]
[0.2406656953289939, 13, 0.5]
[0.2049754640813934, 13, 0.5]
[0.2149628180996723, 13, 0.5]
[0.20033701424563613, 13, 0.5]
[0.1792831250061353, 13, 0.5]
[0.21054778025101567, 13, 0.5]
[0.19044545288517767, 1, 0.5]
[0.17959469517308696, 1, 0.5]
[0.21905512346790396, 1, 0.5]
[0.1883194717974264, 1, 0.5]
[0.2317706923418833, 1, 0.5]
[0.24151082496282741, 1, 0.5]
[0.2248501482899895, 1, 0.5]
[0.25415213810760773, 1, 0.5]
[0.16900655890176788, 1, 0.5]
[0.1857740712331137, 1, 0.5]
[0.2139998143951781, 1, 0.5]
[0.19720121072070876, 1, 0.5]
[0.2585489413788317, 7, 0.5]
[0.28306426547930147, 7, 0.5]
[0.2936334714343264, 2, 0.5]
[0.29233297159810817, 2, 0.5]
[0.26210864747606827, 2, 0.5]
[0.28264149246412756, 2, 0.5]
[0.2663010206339913, 2, 0.5]
[0.2858608551793499, 2, 0.5]
[0.49466162633998834, 2, 0.5]
[0.4541900805021877, 2, 0.5]
[0.4659126925102902, 2, 0.5]
[0.49202536157158977, 2, 0.5]
[0.4980882076457921, 2, 0.5]
[0.47707537384732124, 2, 0.5]
[0.4743603987113553, 12, 0.5]
[0.45242530928943, 12, 0.5]
[0.46519463747915846, 5, 0.5]
[0.43090728386145866, 5, 0.5]
[0.26648582845503427, 5, 0.5]
[0.24722846444733906, 5, 0.5]
[0.27507337231607193, 5, 0.5]
[0.2514850273173438, 5, 0.5]
[0.2573388314829529, 5, 0.5]
[0.2985961007327562, 5, 0.5]
[0.27511204444360404, 5, 0.5]
[0.2890011727670786, 5, 0.5]
[0.30529210439665033, 0, 0.5]
[0.31280485592545937, 0, 0.5]
[0.23823465205949593, 6, 0.5]
[0.23414982931200698, 0, 0.5]
[0.3243439545218013, 0, 0.5]
[0.2977796573525895, 6, 0.5]
[0.4449966010256505, 8, 0.5]
[0.1374824182907859, 8, 0.5]
[0.4802786571591069, 8, 0.5]
[0.45716863795926943, 8, 0.5]
[0.389563102047775, 8, 0.5]
[0.3810487972720898, 8, 0.5]
[0.389033551052769, 9, 0.5]
[0.37907319903483944, 9, 0.5]
[0.36782071066865557, 9, 0.5]
[0.3727065509728999, 9, 0.5]
[0.33771823771547016, 9, 0.5]
[0.37086152678136985, 9, 0.5]
[0.36518993644616077, 9, 0.5]
[0.35655398335562, 9, 0.5]
[0.32899578918778416, 9, 0.5]
[0.34549646720582244, 9, 0.5]
[0.32064935548448814, 9, 0.5]
[0.32386575482545155, 11, 0.5]
[0.36433953293990534, 11, 0.5]
[0.3452135531188846, 11, 0.5]
[0.33572899174159526, 11, 0.5]
[0.3982043012459081, 11, 0.5]
[0.4145094945951995, 11, 0.5]
[0.42377275571454065, 11, 0.5]
[0.40981501987834335, 11, 0.5]
[0.40301208049778414, 11, 0.5]
[0.14915918558917035, 11, 0.5]
[0.4340199512888786, 11, 0.5]
[0.15386125923183994, 11, 0.5]
[0.1183225447180649, 11, 0.5]
[0.12227409035748094, 11, 0.5]
[0.14965767011104214, 11, 0.5]
[0.11164539757338496, 7, 0.5]
[0.12247312266034382, 7, 0.5]
[0.11455967409442286, 7, 0.5]
[0.13337461384908508, 7, 0.5]
[0.1389673117373114, 7, 0.5]
[0.3090619853365225, 7, 0.5]
[0.28822162835766857, 4, 0.5]
[0.312815472067224, 4, 0.5]
[0.3045021219315863, 4, 0.5]
[0.3293381880999844, 4, 0.5]
[0.3006002448957052, 4, 0.5]
[0.3128181710895307, 4, 0.5]
[0.2811619943643, 4, 0.5]
[0.3271046597114412, 4, 0.5]
[0.3183670618946234, 4, 0.5]
[0.3365854775977008, 4, 0.5]
[0.3182540993888954, 4, 0.5]
[0.3377051369781741, 4, 0.5]
[0.34226558379160066, 10, 0.5]
[0.3546802788782743, 10, 0.5]
[0.4403493320122238, 10, 0.5]
[0.4282183404569969, 10, 0.5]
[0.43883547198332323, 10, 0.5]
[0.4164470724022459, 10, 0.5]
[0.4381824401983916, 10, 0.5]
[0.4655714488954514, 10, 0.5]
[0.45027729326528576, 10, 0.5]
[0.48734106528613064, 10, 0.5]
[0.4994769435501363, 10, 0.5]
[0.4681737308930275, 10, 0.5]
[0.20749616124427586, 0, 0.5]
[0.4794338728309775, 0, 0.5]
[0.21376188401899582, 0, 0.5]
[0.20277785657051264, 0, 0.5]
[0.20577469935990916, 0, 0.5]
[0.22325095396398134, 0, 0.5]
[0.17452806691129902, 12, 0.5]
[0.1946378237911155, 12, 0.5]
[0.23863964758956996, 12, 0.5]
[0.23215514412734434, 12, 0.5]
[0.158487981318186, 12, 0.5]
[0.17107920157863596, 12, 0.5]
[0.16582991292914714, 12, 0.5]
[0.1875907795929221, 12, 0.5]
[0.1751982854072948, 12, 0.5]
[0.1831361980060689, 12, 0.5]
[0.1586286855817933, 12, 0.5]
[0.19305054489228693, 12, 0.5]
[0.19449474638070835, 11, 0.5]
[0.16599416751713048, 11, 0.5]
[0.16692135170264782, 11, 0.5]
[0.14715939361403457, 11, 0.5]
[0.13927645945324393, 11, 0.5]
[0.15549062551059595, 8, 0.5]
[0.14855569003138006, 8, 0.5]
[0.14691897977907678, 8, 0.5]
[0.13183332266323444, 8, 0.5]
[0.10851803884859965, 8, 0.5]
[0.10193813126707818, 13, 0.5]
[0.10524174185110663, 8, 0.5]
[0.11129146272256937, 13, 0.5]
[0.10448019482934819, 13, 0.5]
[0.10010926277547982, 13, 0.5]
[0.1248343604590887, 13, 0.5]
[0.12969458563622518, 13, 0.5]
[0.1247120921568139, 13, 0.5]
[0.12873217131829565, 13, 0.5]
[0.11366592547287493, 13, 0.5]
[0.11783378946168051, 7, 0.5]
[0.39587026084434057, 7, 0.5]
[0.37770978583574855, 7, 0.5]
[0.3993200857946973, 7, 0.5]
[0.38479459371241787, 7, 0.5]
[0.35737896585200735, 7, 0.5]
[0.41018570547624733, 3, 0.5]
[0.4051160058684909, 3, 0.5]
[0.42219068791816905, 3, 0.5]
[0.4051798623588443, 6, 0.5]
[0.34981974816533856, 3, 0.5]
[0.3763783654006988, 3, 0.5]
[0.36693141772594556, 3, 0.5]
[0.3928333000611639, 3, 0.5]
[0.2941430015246065, 3, 0.5]
[0.26883312913302, 3, 0.5]
[0.27361871816538413, 3, 0.5]
[0.271016240434259, 10, 0.5]
[0.24914647231457895, 10, 0.5]
[0.2775997364673869, 10, 0.5]
[0.24253150100806914, 3, 0.5]
[0.22222564733425204, 3, 0.5]
[0.24842072237806195, 3, 0.5]
[0.23120622309134004, 3, 0.5]
[0.2278374783348914, 3, 0.5]
[0.21889721393144554, 3, 0.5]
[0.24061271300537798, 3, 0.5]
[0.2564972272677716, 3, 0.5]
[0.2086439216073784, 3, 0.5]
[0.21595696476513948, 13, 0.5]
[0.20041039546008582, 13, 0.5]
[0.20133194733875637, 13, 0.5]
[0.20815522217554447, 13, 0.5]
[0.1762772843058729, 13, 0.5]
[0.1885002557089056, 13, 0.5]
[0.18407620786789755, 13, 0.5]
[0.1805372328956026, 1, 0.5]
[0.17994659996132495, 1, 0.5]
[0.1913129073318966, 1, 0.5]
[0.21838855116983258, 1, 0.5]
[0.22847499429192317, 1, 0.5]
[0.21444284061479718, 1, 0.5]
[0.2626836052311775, 1, 0.5]
[0.23919969392839266, 1, 0.5]
[0.24492766612045885, 1, 0.5]
[0.2549439281149068, 1, 0.5]
[0.26174404348563945, 1, 0.5]
[0.2517706938704192, 1, 0.5]
[0.22711814261210184, 1, 0.5]
[0.199277980679149, 13, 0.5]
[0.18148148797157293, 1, 0.5]
[0.19111788947855138, 1, 0.5]
[0.21347936995562614, 1, 0.5]
[0.23270570315169692, 1, 0.5]
[0.22524625646383184, 1, 0.5]
[0.21875656527078402, 1, 0.5]
[0.2438809078300009, 1, 0.5]
[0.2353145048278632, 1, 0.5]
[0.25004725039035675, 1, 0.5]
[0.2653695641522336, 1, 0.5]
[0.2556727299455065, 1, 0.5]
[0.208683794537039, 1, 0.5]
[0.1684736519478842, 1, 0.5]
[0.19564458257913617, 1, 0.5]
[0.20091590039971974, 1, 0.5]
[0.2863203880078882, 7, 0.5]
[0.28274421779108405, 7, 0.5]
[0.2913627450952153, 7, 0.5]
[0.2787847187222626, 2, 0.5]
[0.2946461182004562, 2, 0.5]
[0.30459869772201625, 2, 0.5]
[0.2870775520802996, 2, 0.5]
[0.26715350442581365, 2, 0.5]
[0.29700314532834926, 2, 0.5]
[0.2871781302304848, 2, 0.5]
[0.2640664587207014, 2, 0.5]
[0.280754143012933, 2, 0.5]
[0.2682204878695649, 2, 0.5]
[0.48365986594796584, 2, 0.5]
[0.45634400012193727, 2, 0.5]
[0.49348750573697536, 2, 0.5]
[0.4904834693993565, 2, 0.5]
[0.4940935484296632, 2, 0.5]
[0.4627984989015762, 2, 0.5]
[0.47357341121127855, 2, 0.5]
[0.4752648155489917, 2, 0.5]
[0.4777566957296149, 2, 0.5]
[0.4963669363957684, 2, 0.5]
[0.4853423514442804, 5, 0.5]
[0.45175391089665284, 12, 0.5]
[0.47016643311144185, 5, 0.5]
[0.4579985733310399, 5, 0.5]
[0.4460365226090037, 5, 0.5]
[0.4667607187628737, 5, 0.5]
[0.4326385454839226, 5, 0.5]
[0.27350929570962457, 5, 0.5]
[0.25758067428901543, 5, 0.5]
[0.25099253249124165, 5, 0.5]
[0.262808617140639, 5, 0.5]
[0.2742526554512589, 5, 0.5]
[0.2789375998364649, 5, 0.5]
[0.30201930218153666, 5, 0.5]
[0.3058347498779417, 5, 0.5]
[0.3123943640190231, 5, 0.5]
[0.3142679587208356, 0, 0.5]
[0.3281947226714817, 5, 0.5]
[0.30602763532450394, 6, 0.5]
[0.29875316663566764, 0, 0.5]
[0.316539799446148, 0, 0.5]
[0.3297806942511279, 0, 0.5]
[0.327076303496969, 6, 0.5]
[0.3084679523969022, 0, 0.5]
[0.2961635031554759, 6, 0.5]
[0.2347893422163248, 6, 0.5]
[0.2424340491141251, 0, 0.5]
[0.24657070808596554, 6, 0.5]
[0.485500718235068, 8, 0.5]
[0.4443084246705262, 8, 0.5]
[0.45387487340549343, 8, 0.5]
[0.4586825860153963, 8, 0.5]
[0.4218407758676091, 8, 0.5]
[0.441093604554456, 8, 0.5]
[0.42188184274709045, 8, 0.5]
[0.39002774634877974, 8, 0.5]
[0.37378905097765036, 8, 0.5]
[0.3841819257341869, 9, 0.5]
[0.3876291252882082, 9, 0.5]
[0.380795322033211, 9, 0.5]
[0.3673614671573014, 9, 0.5]
[0.36623759378768617, 9, 0.5]
[0.3742410729347022, 9, 0.5]
[0.35992225287992125, 9, 0.5]
[0.3535228617667634, 9, 0.5]
[0.3491757788095108, 9, 0.5]
[0.34043025212960515, 9, 0.5]
[0.34477118427266673, 9, 0.5]
[0.3599514189872438, 9, 0.5]
[0.3444848598507309, 9, 0.5]
[0.3215349788314971, 9, 0.5]
[0.33705594460959426, 9, 0.5]
[0.3333580061041961, 9, 0.5]
[0.32178131634245877, 11, 0.5]
[0.3486259706762492, 11, 0.5]
[0.349060290383088, 11, 0.5]
[0.3614577308953792, 11, 0.5]
[0.3324868240544523, 11, 0.5]
[0.41616594790896405, 11, 0.5]
[0.40278987257181176, 11, 0.5]
[0.3992614843765656, 11, 0.5]
[0.4117265465776559, 11, 0.5]
[0.4281103321250307, 11, 0.5]
[0.39791636177103606, 11, 0.5]
[0.410290482749435, 11, 0.5]
[0.43023192957663015, 11, 0.5]
[0.4327728339407301, 11, 0.5]
[0.4162962366755052, 11, 0.5]
[0.4354012673543675, 11, 0.5]
[0.14306599055272032, 11, 0.5]
[0.15349851531164624, 11, 0.5]
[0.12245148733714378, 11, 0.5]
[0.1376486697282149, 11, 0.5]
[0.1145273980077521, 11, 0.5]
[0.13455186101698863, 7, 0.5]
[0.1233999773723369, 7, 0.5]
[0.11705782462099529, 7, 0.5]
[0.11251752521736105, 7, 0.5]
[0.13467757211412787, 7, 0.5]
[0.13938518196400518, 7, 0.5]
[0.10097600062983088, 7, 0.5]
[0.11346446055653166, 7, 0.5]
[0.1595990896339182, 7, 0.5]
[0.14539371406452262, 7, 0.5]
[0.318099065110586, 7, 0.5]
[0.30413666582780186, 4, 0.5]
[0.3111738809420772, 4, 0.5]
[0.31147886447824197, 4, 0.5]
[0.2969426581585237, 4, 0.5]
[0.3254343966515098, 4, 0.5]
[0.2888293904241958, 4, 0.5]
[0.3130393568278713, 4, 0.5]
[0.30196244041675885, 4, 0.5]
[0.3333401982003273, 4, 0.5]
[0.3242001464488463, 4, 0.5]
[0.3195863825988953, 4, 0.5]
[0.2904703696464991, 4, 0.5]
[0.33366966645905105, 4, 0.5]
[0.3363126682330527, 4, 0.5]
[0.31671906884622314, 4, 0.5]
[0.34113274916100583, 4, 0.5]
[0.35777929507696393, 4, 0.5]
[0.35221980521970997, 4, 0.5]
[0.34506685322964287, 4, 0.5]
[0.3388159728404455, 10, 0.5]
[0.37618804855616494, 10, 0.5]
[0.4407453957376069, 10, 0.5]
[0.4259676117723718, 10, 0.5]
[0.4474188970280768, 10, 0.5]
[0.4372649225743151, 10, 0.5]
[0.46386645117472786, 10, 0.5]
[0.44354794093774236, 10, 0.5]
[0.4517160346698558, 10, 0.5]
[0.46219159869803383, 10, 0.5]
[0.4990337366106225, 10, 0.5]
[0.48958997233556195, 10, 0.5]
[0.47966449235070296, 10, 0.5]
[0.46871922606198646, 10, 0.5]
[0.49979509014634715, 10, 0.5]
[0.4870343704420037, 10, 0.5]
[0.4969798341024308, 0, 0.5]
[0.4777973374143486, 0, 0.5]
[0.4749322117036511, 0, 0.5]
[0.4931330897586573, 0, 0.5]
[0.22895472151965077, 0, 0.5]
[0.20519936916928386, 0, 0.5]
[0.2097477409233881, 0, 0.5]
[0.22138559802660038, 0, 0.5]
[0.20392225979483525, 0, 0.5]
[0.17196374506474127, 0, 0.5]
[0.1762771840321879, 0, 0.5]
[0.19612623796099746, 0, 0.5]
[0.1870579258486791, 12, 0.5]
[0.23656091255035486, 12, 0.5]
[0.1626247997913696, 12, 0.5]
[0.21967708872504257, 12, 0.5]
[0.17294985431831583, 12, 0.5]
[0.1617058213036413, 12, 0.5]
[0.16821856969818152, 12, 0.5]
[0.18187505489287087, 12, 0.5]
[0.1523930933419753, 12, 0.5]
[0.15723509765796015, 12, 0.5]
[0.16673128569442774, 12, 0.5]
[0.18616169893405127, 12, 0.5]
[0.1767405047041924, 12, 0.5]
[0.15944990889342248, 12, 0.5]
[0.19028281218601373, 12, 0.5]
[0.1931064595834833, 12, 0.5]
[0.15102699756658505, 12, 0.5]
[0.15838615322321503, 12, 0.5]
[0.1378473189958004, 11, 0.5]
[0.1653721048597744, 11, 0.5]
[0.14484399684314525, 11, 0.5]
[0.14578913541242444, 11, 0.5]
[0.13923417919430275, 11, 0.5]
[0.1314690663057806, 11, 0.5]
[0.15055084146274528, 8, 0.5]
[0.14906868831344905, 8, 0.5]
[0.1296037563118561, 8, 0.5]
[0.1252778894486003, 8, 0.5]
[0.11085354149438734, 8, 0.5]
[0.10146378552467411, 8, 0.5]
[0.10589623664822775, 8, 0.5]
[0.10803951839227556, 8, 0.5]
[0.10224192997559729, 8, 0.5]
[0.10711023122512936, 8, 0.5]
[0.10040649593346652, 13, 0.5]
[0.10043257990698926, 13, 0.5]
[0.10028540271712957, 13, 0.5]
[0.12045310778315198, 13, 0.5]
[0.1271232896058908, 13, 0.5]
[0.12244701222727998, 13, 0.5]
[0.13126351588139598, 13, 0.5]
[0.11717066413488923, 13, 0.5]
[0.12560853147036297, 13, 0.5]
[0.11358886019462064, 13, 0.5]
[0.12622946375681285, 13, 0.5]
[0.13267933173577157, 13, 0.5]
[0.12102649105932223, 13, 0.5]
[0.11633979197888865, 7, 0.5]
[0.38453101526150957, 7, 0.5]
[0.3900053140070699, 7, 0.5]
[0.3928198445964582, 7, 0.5]
[0.4016722942007321, 7, 0.5]
[0.37960392971754287, 7, 0.5]
[0.39432327483795987, 7, 0.5]
[0.4017442085662298, 7, 0.5]
[0.4081958235018836, 7, 0.5]
[0.4199711405148958, 3, 0.5]
[0.4087271905740732, 6, 0.5]
[0.3867505241524102, 3, 0.5]
[0.41279104238541875, 3, 0.5]
[0.3695015918775615, 3, 0.5]
[0.40649132693055184, 3, 0.5]
[0.3748399898813054, 3, 0.5]
[0.4242032832222126, 3, 0.5]
[0.3720005839145891, 3, 0.5]
[0.36279940689285406, 3, 0.5]
[0.36413234326327804, 3, 0.5]
[0.38354840366247245, 3, 0.5]
[0.2735470985750581, 3, 0.5]
[0.27042037161578675, 3, 0.5]
[0.2676829920867954, 3, 0.5]
[0.25792640668143907, 3, 0.5]
[0.28204088396184374, 3, 0.5]
[0.2769735158117607, 3, 0.5]
[0.24670799373802957, 3, 0.5]
[0.25290558081319553, 3, 0.5]
[0.24162242530386308, 3, 0.5]
[0.251074680271956, 3, 0.5]
[0.2316040110937937, 3, 0.5]
[0.24607880672044669, 3, 0.5]
[0.22890674012028406, 3, 0.5]
[0.22356021185586622, 3, 0.5]
[0.22071780399754212, 3, 0.5]
[0.2409680362186567, 3, 0.5]
[0.21491118429877262, 3, 0.5]
[0.23173785575094358, 3, 0.5]
[0.21294503387238875, 3, 0.5]
[0.2561596434751514, 3, 0.5]
[0.2146453191866885, 3, 0.5]
[0.22337002880298804, 3, 0.5]
[0.19768491406768526, 13, 0.5]
[0.20485654310346366, 13, 0.5]
[0.20741081579696524, 13, 0.5]
[0.20411337189934972, 13, 0.5]
[0.19978929754334007, 13, 0.5]
[0.21202116190836132, 13, 0.5]
[0.18471425696324265, 13, 0.5]
[0.1844820686845315, 13, 0.5]
[0.17298509742229423, 13, 0.5]
[0.1881351675672355, 13, 0.5]
[0.17441557884458586, 13, 0.5]
[0.17933329041131366, 1, 0.5]
[0.18321662471087657, 1, 0.5]
[0.18060168830196127, 1, 0.5]
[0.18656044478025519, 1, 0.5]
[0.19149016386195666, 1, 0.5]
[0.2164711607847242, 1, 0.5]
[0.23553490752373424, 1, 0.5]
[0.22399391766418186, 1, 0.5]
[0.23325085048239125, 1, 0.5]
[0.261350512571391, 1, 0.5]
[0.24552722882374015, 1, 0.5]
[0.2620840940950119, 1, 0.5]
[0.26227941119569204, 1, 0.5]
[0.26190630560729306, 1, 0.5]
[0.2538474916496753, 1, 0.5]
[0.2517293558408826, 1, 0.5]
[0.2677979223186724, 1, 0.5]
[0.24439982842307953, 1, 0.5]
[0.2382216971401577, 1, 0.5]
[0.25546279063542066, 1, 0.5]
[0.2226562517840968, 1, 0.5]
[0.22629867422486727, 1, 0.5]
[0.1996348697854139, 1, 0.5]
[0.20870349694829723, 1, 0.5]
[0.19769899362581625, 1, 0.5]
[0.2117544466190665, 1, 0.5]
[0.1959563583891213, 1, 0.5]
[0.21707407727239172, 1, 0.5]
[0.22960013764800044, 1, 0.5]
[0.2361208801818194, 1, 0.5]
[0.2419768693674864, 1, 0.5]
[0.23347145618512843, 1, 0.5]
[0.24700746985831373, 1, 0.5]
[0.2804029918448394, 1, 0.5]
[0.2685578074330829, 1, 0.5]
[0.25694673118984074, 1, 0.5]
[0.27491835335086434, 1, 0.5]
[0.2501685078024615, 1, 0.5]
[0.2632046424315553, 1, 0.5]
[0.20569824306024564, 1, 0.5]
[0.19718606586286433, 1, 0.5]
[0.28689358766468737, 1, 0.5]
[0.28870802884799424, 1, 0.5]
[0.28799353052869714, 6, 0.5]
[0.29455322345117146, 7, 0.5]
[0.28332594983182796, 7, 0.5]
[0.29500564375069704, 7, 0.5]
[0.2786821105564472, 2, 0.5]
[0.3027398765326209, 2, 0.5]
[0.3019158368706368, 2, 0.5]
[0.2920801328722457, 2, 0.5]
[0.2852586231061327, 2, 0.5]
[0.2958190181063621, 2, 0.5]
[0.3075277299127274, 2, 0.5]
[0.2972569512789166, 2, 0.5]
[0.28324491675368774, 2, 0.5]
[0.27592416172601586, 2, 0.5]
[0.3020825759473314, 2, 0.5]
[0.3116531897827378, 2, 0.5]
[0.28195973223580945, 2, 0.5]
[0.2673810419984204, 2, 0.5]
[0.2707635288010812, 2, 0.5]
[0.27727670748213473, 2, 0.5]
[0.2699356108531571, 2, 0.5]
[0.48641051036997146, 2, 0.5]
[0.49524960145844693, 2, 0.5]
[0.48958970772281474, 2, 0.5]
[0.49935687419575375, 2, 0.5]
[0.45992390085084167, 2, 0.5]
[0.4699470694661467, 2, 0.5]
[0.47744743477350665, 2, 0.5]
[0.4558504288969617, 2, 0.5]
[0.4716379865124278, 2, 0.5]
[0.4986330969732022, 2, 0.5]
[0.48113888374933766, 2, 0.5]
[0.4991725434229508, 2, 0.5]
[0.4750657855154526, 2, 0.5]
[0.4623129305367752, 2, 0.5]
[0.451679000537494, 2, 0.5]
[0.4710641419260609, 5, 0.5]
[0.4878076388835764, 5, 0.5]
[0.48023798493110736, 5, 0.5]
[0.45630364812035057, 5, 0.5]
[0.4510045758146518, 5, 0.5]
[0.46579043176730883, 5, 0.5]
[0.436666882177165, 5, 0.5]
[0.44733599050272, 5, 0.5]
[0.42935088680009326, 5, 0.5]
[0.44896499578846794, 5, 0.5]
[0.44680383380430977, 5, 0.5]
[0.46166650855357627, 5, 0.5]
[0.43467025534934367, 5, 0.5]
[0.25483732039345486, 5, 0.5]
[0.26451386814090605, 5, 0.5]
[0.2752494299129619, 5, 0.5]
[0.256356182003737, 5, 0.5]
[0.277980773024004, 5, 0.5]
[0.30614987010858535, 5, 0.5]
[0.2904773087863396, 5, 0.5]
[0.31371447865164315, 5, 0.5]
[0.3257449402387182, 5, 0.5]
[0.32100151288141865, 5, 0.5]
[0.3265399620383322, 5, 0.5]
[0.3103494958976148, 6, 0.5]
[0.3319456757292923, 6, 0.5]
[0.3151574668086248, 6, 0.5]
[0.3273313172416477, 0, 0.5]
[0.31843822116666626, 0, 0.5]
[0.3326513775242546, 0, 0.5]
[0.34090612469804704, 6, 0.5]
[0.33030474427247486, 6, 0.5]
[0.35507514108297084, 0, 0.5]
[0.3257758535292081, 0, 0.5]
[0.3084348828321053, 6, 0.5]
[0.3010496964748575, 6, 0.5]
[0.3452561937141482, 6, 0.5]
[0.31841475405246256, 6, 0.5]
[0.29214763164089697, 6, 0.5]
[0.290563321771653, 6, 0.5]
[0.24616968486633997, 6, 0.5]
[0.24524018215335092, 6, 0.5]
[0.24475327081782502, 6, 0.5]
[0.23713854944743437, 6, 0.5]
[0.2408709861059897, 6, 0.5]
[0.45913943677031044, 8, 0.5]
[0.44137802090225253, 8, 0.5]
[0.4272081554535627, 8, 0.5]
[0.4430137570107021, 8, 0.5]
[0.4169376768666761, 8, 0.5]
[0.41940212697586, 8, 0.5]
[0.42297469120407377, 8, 0.5]
[0.4226185100596098, 8, 0.5]
[0.3926228030457523, 8, 0.5]
[0.4112800258805669, 8, 0.5]
[0.3959825352929442, 8, 0.5]
[0.38654576143782393, 9, 0.5]
[0.38160251725875577, 9, 0.5]
[0.3704810866556788, 9, 0.5]
[0.3780366904493992, 9, 0.5]
[0.3642900936523752, 9, 0.5]
[0.36952463293853277, 9, 0.5]
[0.388538345252415, 9, 0.5]
[0.3571771453157863, 9, 0.5]
[0.35444992142420434, 9, 0.5]
[0.36841219814856085, 9, 0.5]
[0.3628290866251883, 9, 0.5]
[0.35528378858510185, 9, 0.5]
[0.346020612131053, 9, 0.5]
[0.3462609475844747, 9, 0.5]
[0.35734157422245694, 9, 0.5]
[0.3521465763410615, 9, 0.5]
[0.3403914725124246, 9, 0.5]
[0.35186839909376416, 9, 0.5]
['DSfss', 'DStopn']
[0.1480316844043062, 4, 0.5]
[0.38409615739077685, 3, 0.5]
[0.49159032943887426, 8, 0.5]
[0.2248917177215205, 10, 0.5]
[0.369590548156434, 4, 0.5]
[0.2039951645857189, 4, 0.5]
[0.15222004851658763, 12, 0.5]
[0.3007944920412014, 2, 0.5]
[0.26054672794660305, 13, 0.5]
[0.4064534985936876, 1, 0.5]
[0.3180230759411702, 9, 0.5]
[0.33723825663451, 0, 0.5]
[0.47683263477740034, 5, 0.5]
[0.126700838581464, 9, 0.5]
[0.1732322342131693, 6, 0.5]
[0.27747397958646136, 2, 0.5]
[0.1876209351018425, 9, 0.5]
[0.44643003930682257, 7, 0.5]
[0.14694151427956947, 7, 0.5]
[0.2540264010321226, 3, 0.5]
[0.44163705696915195, 7, 0.5]
[0.11783617037540611, 11, 0.5]
[0.25045099371984153, 3, 0.5]
[0.4431312385757653, 4, 0.5]
[0.1313081339523458, 0, 0.5]
[0.1001797900100633, 3, 0.5]
[0.343175731733242, 4, 0.5]
[0.10291574005202364, 11, 0.5]
[0.21847059198964244, 3, 0.5]
[0.3721044737800951, 4, 0.5]
[0.16207738377131492, 11, 0.5]
[0.2183199955428232, 8, 0.5]
[0.3911266516414474, 10, 0.5]
[0.175408612909691, 11, 0.5]
[0.2317137170100565, 8, 0.5]
[0.2808800072022063, 12, 0.5]
[0.49539319093995343, 7, 0.5]
[0.43283857494876876, 13, 0.5]
[0.1166986651986649, 1, 0.5]
[0.19478548853525163, 11, 0.5]
[0.24324859235417534, 5, 0.5]
[0.2906776764007057, 6, 0.5]
[0.42130031266364093, 4, 0.5]
[0.4583726661687552, 4, 0.5]
[0.14026593393223152, 10, 0.5]
[0.3125624895919491, 0, 0.5]
[0.10429951831696628, 3, 0.5]
[0.10031566204328339, 2, 0.5]
[0.34161187794686443, 4, 0.5]
[0.3356246345956774, 4, 0.5]
[0.1602024329910532, 12, 0.5]
[0.17982987321460125, 13, 0.5]
[0.21269583896654237, 3, 0.5]
[0.2709576596507009, 1, 0.5]
[0.3657849689697001, 4, 0.5]
[0.38086635654953677, 5, 0.5]
[0.16524326099119077, 11, 0.5]
[0.2351986251444878, 9, 0.5]
[0.20004047499893451, 8, 0.5]
[0.20685969555420666, 8, 0.5]
[0.40821912587384335, 10, 0.5]
[0.4712256081829803, 10, 0.5]
[0.14365133631071306, 6, 0.5]
[0.26473015307330433, 11, 0.5]
[0.23578575940731777, 2, 0.5]
[0.3036985134540817, 12, 0.5]
[0.282924764809347, 7, 0.5]
[0.3591632385753379, 12, 0.5]
[0.49895121867450354, 13, 0.5]
[0.43057956643423256, 13, 0.5]
[0.1146882068227814, 1, 0.5]
[0.32515501937521185, 12, 0.5]
[0.18391785647715791, 13, 0.5]
[0.15723121035147586, 13, 0.5]
[0.2101994784245175, 3, 0.5]
[0.2697004974894628, 1, 0.5]
[0.4017171552050833, 1, 0.5]
[0.35161049856768173, 4, 0.5]
[0.3773432158353212, 5, 0.5]
[0.12864742975725776, 5, 0.5]
[0.16838904473096056, 9, 0.5]
[0.2247111954379158, 9, 0.5]
[0.19629040904603828, 8, 0.5]
[0.24882377541961112, 8, 0.5]
[0.4153319170982281, 10, 0.5]
[0.48093577132204735, 10, 0.5]
[0.45759217639043526, 10, 0.5]
[0.1453714492584625, 6, 0.5]
[0.2640250371224464, 6, 0.5]
[0.2935846523794246, 6, 0.5]
[0.23757801959902058, 2, 0.5]
[0.32807672900425155, 2, 0.5]
[0.300050871415338, 7, 0.5]
[0.3194051135763868, 7, 0.5]
[0.3573060347374797, 12, 0.5]
[0.39607429604871713, 12, 0.5]
[0.4906234025651468, 13, 0.5]
[0.4304092555617927, 13, 0.5]
[0.11918365996300115, 0, 0.5]
[0.310505539039644, 12, 0.5]
[0.18265347501172796, 0, 0.5]
[0.1922701601813497, 4, 0.5]
[0.14974502393162464, 13, 0.5]
[0.15724066445460932, 3, 0.5]
[0.20618050800472645, 1, 0.5]
[0.22278065680299117, 3, 0.5]
[0.4490589335542805, 1, 0.5]
[0.35025667713047215, 4, 0.5]
[0.3768529363301675, 5, 0.5]
[0.38899432522770283, 5, 0.5]
[0.12650632612896506, 5, 0.5]
[0.13611945001438244, 9, 0.5]
[0.17064431366495603, 9, 0.5]
[0.17403843848588393, 9, 0.5]
[0.25660956144464, 8, 0.5]
[0.24888844916354702, 8, 0.5]
[0.28437711447007935, 10, 0.5]
[0.41240746322510946, 8, 0.5]
[0.48116160203215624, 10, 0.5]
[0.4524967437404813, 10, 0.5]
[0.10535310203999182, 6, 0.5]
[0.11255655495337236, 6, 0.5]
[0.14862927657865524, 6, 0.5]
[0.27294004162949653, 6, 0.5]
[0.29392062526201385, 2, 0.5]
[0.23847629740982615, 2, 0.5]
[0.21599372376168458, 2, 0.5]
[0.3357175378163632, 7, 0.5]
[0.3041103696973996, 7, 0.5]
[0.32093667479381716, 7, 0.5]
[0.34755826072130414, 12, 0.5]
[0.39769256915116147, 12, 0.5]
[0.46534504077383565, 13, 0.5]
[0.368054229411163, 4, 0.5]
[0.48863371542660505, 13, 0.5]
[0.43501238972522926, 0, 0.5]
[0.3108791324713402, 11, 0.5]
[0.1341758858028316, 0, 0.5]
[0.18894108593716985, 0, 0.5]
[0.1867137661268846, 4, 0.5]
[0.15236700861269778, 4, 0.5]
[0.20137622776378555, 4, 0.5]
[0.15862752905415947, 3, 0.5]
[0.33094842004486374, 2, 0.5]
[0.27960138774302656, 7, 0.5]
[0.35582171780063865, 7, 0.5]
[0.42039554038194515, 12, 0.5]
[0.38774917199792086, 12, 0.5]
[0.4392282898251637, 13, 0.5]
[0.42754812498931566, 13, 0.5]
[0.4922639746988467, 0, 0.5]
[0.4708772679909492, 13, 0.5]
[0.12416677623689129, 0, 0.5]
[0.10073188090038748, 0, 0.5]
[0.1100194000383309, 0, 0.5]
[0.22793234679303995, 4, 0.5]
[0.18131338422192955, 4, 0.5]
[0.19064993110997963, 4, 0.5]
[0.164613031256604, 3, 0.5]
[0.14988509161772237, 3, 0.5]
[0.14041610321055362, 1, 0.5]
[0.17561420371469372, 1, 0.5]
[0.2221903877265004, 3, 0.5]
[0.20533554086396277, 1, 0.5]
[0.2628939682600779, 1, 0.5]
[0.4493626580609489, 3, 0.5]
[0.375881005768551, 5, 0.5]
[0.40567161739216984, 5, 0.5]
[0.3952056063596395, 5, 0.5]
[0.3709861175954812, 5, 0.5]
[0.3621453330135868, 5, 0.5]
[0.12267252169442582, 9, 0.5]
[0.13537358610955, 9, 0.5]
[0.12570712169916962, 9, 0.5]
[0.17493673079729197, 9, 0.5]
[0.1684513501105037, 9, 0.5]
[0.25723135152563176, 8, 0.5]
[0.21336512372254557, 9, 0.5]
[0.2409807914581159, 8, 0.5]
[0.29126871414941313, 8, 0.5]
[0.25102978440092644, 8, 0.5]
[0.3393785689858543, 8, 0.5]
[0.4992798398929069, 10, 0.5]
[0.46318450405769895, 10, 0.5]
[0.4807334439381262, 10, 0.5]
[0.41391959707597586, 10, 0.5]
[0.4570700132995361, 6, 0.5]
[0.10811562802841038, 11, 0.5]
[0.11496026077939342, 6, 0.5]
[0.1023065213110946, 6, 0.5]
[0.14359355222917106, 6, 0.5]
[0.27499025412599504, 6, 0.5]
[0.2950357840918709, 6, 0.5]
[0.23164168735691382, 2, 0.5]
[0.2689321683660004, 2, 0.5]
[0.216478231457993, 2, 0.5]
[0.31442358783771646, 2, 0.5]
[0.2361998599271983, 2, 0.5]
[0.30353429260466486, 7, 0.5]
[0.33934771120460533, 7, 0.5]
[0.3240788369801336, 7, 0.5]
[0.32008631055531983, 7, 0.5]
[0.3480894289995243, 7, 0.5]
[0.3839194980982529, 12, 0.5]
[0.40021065778070397, 12, 0.5]
[0.42587235844466015, 12, 0.5]
[0.4652301414060666, 4, 0.5]
[0.4174363023632342, 4, 0.5]
[0.4862260062736312, 13, 0.5]
[0.49317051485638463, 13, 0.5]
[0.4411644501682155, 0, 0.5]
[0.47192459169568424, 11, 0.5]
[0.19635309020214375, 11, 0.5]
[0.1330690566281485, 0, 0.5]
[0.16397710081651445, 11, 0.5]
[0.18375456335014098, 0, 0.5]
[0.18621100350630312, 0, 0.5]
[0.15477543416740214, 0, 0.5]
[0.19956901686910083, 0, 0.5]
[0.2060976954840897, 4, 0.5]
[0.16137646747126566, 4, 0.5]
[0.11773764703296992, 4, 0.5]
[0.28512987444531857, 3, 0.5]
[0.24351790252710032, 3, 0.5]
[0.3289081090087677, 3, 0.5]
[0.2817981286340472, 3, 0.5]
[0.32897523621846975, 7, 0.5]
[0.35887349593799717, 7, 0.5]
[0.38948982114274516, 12, 0.5]
[0.4079613715457694, 12, 0.5]
[0.4175593515921505, 12, 0.5]
[0.43308391145967584, 12, 0.5]
[0.4283940629572978, 13, 0.5]
[0.3808309157075074, 13, 0.5]
[0.4443469252503072, 13, 0.5]
[0.47551040229036534, 13, 0.5]
[0.4994530202163205, 0, 0.5]
[0.4558094968419604, 0, 0.5]
[0.10039232863568072, 0, 0.5]
[0.13000002877746047, 0, 0.5]
[0.11107352609100557, 0, 0.5]
[0.10386154508161542, 0, 0.5]
[0.22669886365232536, 4, 0.5]
[0.17621396807763626, 4, 0.5]
[0.19191226200394532, 4, 0.5]
[0.22331840608577416, 4, 0.5]
[0.16837152205669664, 4, 0.5]
[0.21136744208939917, 4, 0.5]
[0.15715864993232626, 3, 0.5]
[0.14300919972441972, 3, 0.5]
[0.14098220515334223, 1, 0.5]
[0.15005535044444224, 1, 0.5]
[0.1800665874942054, 1, 0.5]
[0.21941234707044394, 1, 0.5]
[0.2504221598921692, 1, 0.5]
[0.2021782572440013, 1, 0.5]
[0.26319216648866617, 1, 0.5]
[0.26433047922270625, 3, 0.5]
[0.37514189769895995, 1, 0.5]
[0.45010253457583155, 5, 0.5]
[0.3893246200672286, 5, 0.5]
[0.4068341973290542, 5, 0.5]
[0.4018419000016679, 5, 0.5]
[0.36856308954169315, 5, 0.5]
[0.3624567380750838, 5, 0.5]
[0.34363100597941165, 5, 0.5]
[0.36862148386175486, 5, 0.5]
[0.3104810503070131, 9, 0.5]
[0.11713519448810415, 9, 0.5]
[0.12097645491138756, 9, 0.5]
[0.12487475553518945, 9, 0.5]
[0.13993590868156963, 9, 0.5]
[0.1758296720032536, 9, 0.5]
[0.13419258777365592, 9, 0.5]
[0.1715228318005751, 9, 0.5]
[0.2571523671202924, 8, 0.5]
[0.24469074912636427, 8, 0.5]
[0.23499673054131126, 8, 0.5]
[0.28940046783375106, 8, 0.5]
[0.2726090081137994, 8, 0.5]
[0.2981108992290969, 8, 0.5]
[0.25177832749298085, 8, 0.5]
[0.3094148830786893, 8, 0.5]
[0.2902778963589138, 10, 0.5]
[0.48643904018423695, 10, 0.5]
[0.46509147238681536, 10, 0.5]
[0.4794691202666688, 10, 0.5]
[0.2769082334390241, 2, 0.5]
[0.22901237891310885, 2, 0.5]
[0.26741902103972515, 2, 0.5]
[0.23208841423250973, 2, 0.5]
[0.2148267618628113, 2, 0.5]
[0.3035801731217165, 2, 0.5]
[0.3111703347513296, 2, 0.5]
[0.3395271903290915, 7, 0.5]
[0.3204414854119735, 7, 0.5]
[0.3004225797941324, 7, 0.5]
[0.35589457725166557, 7, 0.5]
[0.32282816467134995, 7, 0.5]
[0.34778388905579943, 7, 0.5]
[0.38106982561766334, 7, 0.5]
[0.3332321557804532, 7, 0.5]
[0.38480032486758387, 12, 0.5]
[0.3978129814054201, 12, 0.5]
[0.42578443812697153, 12, 0.5]
[0.4236395556381153, 12, 0.5]
[0.4401433357412866, 4, 0.5]
[0.4598226306582419, 4, 0.5]
[0.490863344664729, 4, 0.5]
[0.49884204680000954, 13, 0.5]
[0.4437830573000379, 11, 0.5]
[0.4885301548665468, 13, 0.5]
[0.4688009836513815, 11, 0.5]
[0.4754428303226727, 11, 0.5]
[0.438481124517868, 11, 0.5]
[0.19739085038037593, 11, 0.5]
[0.1618328792794038, 11, 0.5]
[0.13534331429320529, 11, 0.5]
[0.15164196997740326, 11, 0.5]
[0.15785734097495932, 0, 0.5]
[0.18584157550695665, 0, 0.5]
[0.1678802152777003, 0, 0.5]
[0.18911502382729178, 0, 0.5]
[0.20889165062996073, 0, 0.5]
[0.19722452718926559, 4, 0.5]
[0.203814624519851, 4, 0.5]
[0.11289735142298292, 4, 0.5]
[0.14771459227277567, 4, 0.5]
[0.13078599631737403, 4, 0.5]
[0.11953901308578471, 4, 0.5]
[0.10097501072251082, 3, 0.5]
[0.24706131278111765, 3, 0.5]
[0.2899861971928229, 3, 0.5]
[0.279746889925294, 3, 0.5]
[0.3276634865281716, 3, 0.5]
[0.357667536922145, 3, 0.5]
[0.35154878321933813, 7, 0.5]
[0.37306492954445175, 7, 0.5]
[0.3927077606036103, 12, 0.5]
[0.4106426323317452, 12, 0.5]
[0.4165494873217077, 12, 0.5]
[0.4317152285193029, 12, 0.5]
[0.4355710414359532, 12, 0.5]
[0.41856623830128575, 12, 0.5]
[0.44856703751847904, 13, 0.5]
[0.42911494594598026, 13, 0.5]
[0.45874152925888045, 13, 0.5]
[0.4499701478474366, 13, 0.5]
[0.47527169579921075, 13, 0.5]
[0.49941064011759395, 13, 0.5]
[0.4998128615816045, 13, 0.5]
[0.4709404282558589, 0, 0.5]
[0.10042630079432777, 0, 0.5]
[0.10897243295327215, 0, 0.5]
[0.11026789133477169, 0, 0.5]
[0.10057289090488611, 0, 0.5]
[0.1299554279254202, 0, 0.5]
[0.12518958359573104, 0, 0.5]
[0.17714877540312401, 4, 0.5]
[0.14190850411783434, 4, 0.5]
[0.1927892635944803, 4, 0.5]
[0.18081636573886783, 4, 0.5]
[0.2255814634045865, 4, 0.5]
[0.21858211232802296, 4, 0.5]
[0.20908888467374137, 4, 0.5]
[0.1675159244431572, 4, 0.5]
[0.15668692311751528, 4, 0.5]
[0.14583031950072212, 3, 0.5]
[0.15533018260302534, 1, 0.5]
[0.1361456684310611, 3, 0.5]
[0.1449941101607753, 1, 0.5]
[0.1408610825817755, 1, 0.5]
[0.1778277844760711, 1, 0.5]
[0.16615429361936596, 1, 0.5]
[0.2391159187045298, 1, 0.5]
[0.25632906300837077, 1, 0.5]
[0.2025898443619583, 1, 0.5]
[0.21782093826692878, 1, 0.5]
[0.24828791729048408, 1, 0.5]
[0.26439867255039334, 1, 0.5]
[0.2700238953579469, 1, 0.5]
[0.2606492528948303, 1, 0.5]
[0.34171934490404987, 5, 0.5]
[0.38794207889260596, 5, 0.5]
[0.4025860135621157, 5, 0.5]
[0.3780757894968879, 5, 0.5]
[0.40109971378389975, 5, 0.5]
[0.3685758798097733, 5, 0.5]
[0.36044360173655127, 5, 0.5]
[0.4081183967383786, 5, 0.5]
[0.3637579841596903, 5, 0.5]
[0.34565657554240564, 5, 0.5]
[0.3511306637875359, 5, 0.5]
[0.3701226963664793, 5, 0.5]
[0.31380810001956266, 5, 0.5]
[0.34586864533442, 9, 0.5]
[0.3088865579070492, 9, 0.5]
[0.11839989740565848, 9, 0.5]
[0.11891441233174227, 9, 0.5]
[0.12475853909883775, 9, 0.5]
[0.10622226679129716, 9, 0.5]
[0.12239107203754276, 9, 0.5]
[0.13219140886050493, 9, 0.5]
[0.17174908274102108, 9, 0.5]
[0.16230366111271358, 9, 0.5]
[0.1846848826709881, 9, 0.5]
[0.2410748550396283, 8, 0.5]
[0.19459309202493572, 8, 0.5]
[0.25636215020272435, 8, 0.5]
[0.23374135353555336, 8, 0.5]
[0.2820289486269668, 8, 0.5]
[0.27432170707171766, 8, 0.5]
[0.2725898532990485, 8, 0.5]
[0.2954839046106704, 8, 0.5]
[0.29726503955841466, 8, 0.5]
[0.28690410605901484, 8, 0.5]
[0.33302457164245447, 10, 0.5]
[0.3188193699941218, 8, 0.5]
[0.3078744730118139, 10, 0.5]
[0.46432123633101063, 10, 0.5]
[0.4833090450824744, 10, 0.5]
[0.4553995291808452, 10, 0.5]
[0.4934667854756702, 10, 0.5]
[0.47000404429476106, 10, 0.5]
[0.49949804189027974, 2, 0.5]
[0.4818947360570105, 10, 0.5]
[0.28485707007998573, 2, 0.5]
[0.22622608182874313, 2, 0.5]
[0.23553313874475199, 2, 0.5]
[0.21369021003784347, 2, 0.5]
[0.22954915837009326, 2, 0.5]
[0.26798751056553105, 2, 0.5]
[0.311734791555949, 2, 0.5]
[0.337218537790438, 2, 0.5]
[0.3191668316977975, 2, 0.5]
[0.3039735918220876, 7, 0.5]
[0.325947219127017, 7, 0.5]
[0.35372911072086416, 7, 0.5]
[0.32463635679350766, 7, 0.5]
[0.33447575089720083, 7, 0.5]
[0.29879713867548785, 7, 0.5]
[0.355322633460297, 7, 0.5]
[0.3808507934488776, 7, 0.5]
[0.3436952968669663, 7, 0.5]
[0.38525385986842475, 7, 0.5]
[0.38046023718453775, 7, 0.5]
[0.3927691318929317, 12, 0.5]
[0.3964077393251262, 12, 0.5]
[0.41105600025451433, 12, 0.5]
[0.42451921329091985, 12, 0.5]
[0.4400053770018428, 12, 0.5]
[0.42512470776686256, 12, 0.5]
[0.457778469035209, 4, 0.5]
[0.44193546183191057, 4, 0.5]
[0.48851228834611476, 4, 0.5]
[0.46009766233001, 4, 0.5]
[0.44702874851072427, 11, 0.5]
[0.49612494778665833, 11, 0.5]
[0.477438010483232, 13, 0.5]
[0.48906281325192, 11, 0.5]
[0.47084636298571525, 11, 0.5]
[0.478708698200766, 11, 0.5]
[0.4674306656087667, 11, 0.5]
[0.47311028978228414, 11, 0.5]
[0.15085540827796917, 11, 0.5]
[0.4528207874807646, 11, 0.5]
[0.16254070887994254, 11, 0.5]
[0.15444560915947722, 11, 0.5]
[0.16012943731297677, 11, 0.5]
[0.17197358943564228, 11, 0.5]
[0.13477941246414984, 11, 0.5]
[0.14983248188946252, 11, 0.5]
[0.13963354181209497, 0, 0.5]
[0.18828797733044317, 0, 0.5]
[0.187404761235125, 0, 0.5]
[0.203279956419066, 0, 0.5]
[0.1967832204125678, 0, 0.5]
[0.18475036616713855, 0, 0.5]
[0.210294161935513, 6, 0.5]
[0.2005904690013639, 4, 0.5]
[0.1141574164201497, 4, 0.5]
[0.1724846483844119, 4, 0.5]
[0.10965791150941633, 4, 0.5]
[0.12530275243168382, 4, 0.5]
[0.11296225550026019, 4, 0.5]
[0.10133059188431336, 4, 0.5]
[0.10076112566610532, 3, 0.5]
[0.13161300084642424, 3, 0.5]
[0.10268177400104685, 3, 0.5]
[0.11936162440648611, 3, 0.5]
[0.2902400995127653, 3, 0.5]
[0.27520238206906333, 3, 0.5]
[0.32966380236906423, 3, 0.5]
[0.28388410801602715, 3, 0.5]
[0.36252507015999197, 3, 0.5]
[0.37533950501992525, 3, 0.5]
[0.3728441814685983, 6, 0.5]
[0.3525733273641276, 3, 0.5]
[0.39263306251024804, 12, 0.5]
[0.4142354856710935, 12, 0.5]
[0.4327494101522372, 12, 0.5]
[0.4188159236603394, 12, 0.5]
[0.4337881071368495, 12, 0.5]
[0.40934953150800213, 12, 0.5]
[0.4166827924427123, 12, 0.5]
[0.43665142196396667, 12, 0.5]
[0.4493254002476818, 12, 0.5]
[0.43279382587017, 13, 0.5]
[0.447077302061857, 13, 0.5]
[0.46063603725190944, 13, 0.5]
[0.4513897149137657, 13, 0.5]
[0.4636908749736595, 13, 0.5]
[0.495133894642351, 13, 0.5]
[0.48071595180136373, 13, 0.5]
[0.49983743481022663, 13, 0.5]
[0.4987112712145555, 13, 0.5]
[0.4964683336573949, 13, 0.5]
[0.4910331692297543, 13, 0.5]
[0.48291807818360327, 0, 0.5]
[0.4992300025775923, 0, 0.5]
[0.1077206406661998, 0, 0.5]
[0.1086341759435402, 0, 0.5]
[0.1045147715217332, 0, 0.5]
[0.10099117171457003, 0, 0.5]
[0.12825311201760456, 0, 0.5]
[0.1272562760680006, 0, 0.5]
[0.14536523218245068, 0, 0.5]
[0.13921602116642512, 6, 0.5]
[0.15389390459107172, 4, 0.5]
[0.18141086760320987, 4, 0.5]
[0.17673925826622988, 4, 0.5]
[0.22511771408606837, 4, 0.5]
[0.2213504970019754, 4, 0.5]
[0.19422455634446129, 4, 0.5]
[0.2099266658285661, 4, 0.5]
[0.211912376606899, 4, 0.5]
[0.16732011254831958, 4, 0.5]
[0.2421484108217366, 4, 0.5]
[0.2149958225282159, 4, 0.5]
[0.1659540291946196, 4, 0.5]
[0.1604673390034327, 6, 0.5]
[0.146967920988296, 1, 0.5]
[0.15495464483731686, 3, 0.5]
[0.13893222572912034, 3, 0.5]
[0.14376640646707062, 1, 0.5]
[0.14416931920325146, 1, 0.5]
[0.1373118724213244, 1, 0.5]
[0.18086866535235663, 1, 0.5]
[0.19113749640502198, 1, 0.5]
[0.16486262271488059, 1, 0.5]
[0.25391596772218794, 1, 0.5]
[0.2435448638443314, 1, 0.5]
[0.257663024207566, 1, 0.5]
[0.23404333531889454, 1, 0.5]
[0.2457346712288574, 1, 0.5]
[0.25228589291218345, 1, 0.5]
[0.2586668945562844, 1, 0.5]
[0.26678607039210245, 1, 0.5]
[0.26911361656054866, 1, 0.5]
[0.2768606440465886, 1, 0.5]
[0.2636160013022069, 1, 0.5]
[0.3006216997035077, 1, 0.5]
[0.31499178588595966, 5, 0.5]
[0.34037598420504744, 5, 0.5]
[0.40349860291049255, 5, 0.5]
[0.36756216549548143, 5, 0.5]
[0.3998460097705742, 5, 0.5]
[0.38822488763373125, 5, 0.5]
[0.4044946078639182, 5, 0.5]
[0.3798909290885526, 5, 0.5]
[0.3677553671492276, 5, 0.5]
[0.3598301359276707, 5, 0.5]
[0.386374691888449, 5, 0.5]
[0.366144918413572, 5, 0.5]
[0.35027397918195513, 5, 0.5]
[0.30526895896926437, 1, 0.5]
[0.33641206856953965, 5, 0.5]
[0.3777032303872241, 5, 0.5]
[0.3995193912529653, 5, 0.5]
[0.39179150883335373, 5, 0.5]
[0.39632780721451244, 5, 0.5]
[0.4061051265123346, 5, 0.5]
[0.37500184201017556, 5, 0.5]
[0.40953059357329, 5, 0.5]
[0.3844325448074159, 5, 0.5]
[0.36550004434135097, 5, 0.5]
[0.3576614983454229, 5, 0.5]
[0.3505148356339835, 5, 0.5]
[0.3331921728553234, 5, 0.5]
[0.3581697350945241, 5, 0.5]
[0.3436292240282397, 5, 0.5]
[0.3158696408838394, 5, 0.5]
[0.32456771266608514, 9, 0.5]
[0.3444608419370275, 9, 0.5]
[0.3098915515712024, 9, 0.5]
[0.31687479549335695, 9, 0.5]
[0.12006639208921499, 9, 0.5]
[0.2898944954265119, 9, 0.5]
[0.1181022590263892, 9, 0.5]
[0.11538837005981507, 9, 0.5]
[0.12071423070808028, 9, 0.5]
[0.12130670187552732, 9, 0.5]
[0.1287836989128645, 9, 0.5]
[0.13025903220695764, 9, 0.5]
[0.13436439106042167, 9, 0.5]
[0.10895414649960686, 9, 0.5]
[0.1724166502141556, 9, 0.5]
[0.15858981943280476, 9, 0.5]
[0.1775274686000969, 9, 0.5]
[0.18640441383252265, 9, 0.5]
[0.19556163972930213, 8, 0.5]
[0.21953403294575882, 8, 0.5]
[0.23815320684736044, 8, 0.5]
[0.23085669366271339, 8, 0.5]
[0.24996038449571117, 8, 0.5]
[0.23835737417345293, 8, 0.5]
[0.2809330505579831, 8, 0.5]
[0.2551186259775161, 8, 0.5]
[0.2729233629088578, 8, 0.5]
[0.2945735489360952, 8, 0.5]
[0.2933504516512022, 8, 0.5]
[0.2768496768960915, 8, 0.5]
[0.28478561936915936, 8, 0.5]
[0.2991529867095601, 8, 0.5]
[0.32304144320045797, 8, 0.5]
[0.33042502099633736, 8, 0.5]
[0.3076961024886897, 10, 0.5]
[0.3033624510052769, 10, 0.5]
[0.3168005621721763, 10, 0.5]
[0.3299820913595765, 10, 0.5]
[0.4564731944959866, 10, 0.5]
[0.4672938418990147, 10, 0.5]
[0.48631129209368645, 10, 0.5]
[0.478322394569266, 10, 0.5]
[0.46735212159588324, 10, 0.5]
[0.48962787262734586, 10, 0.5]
[0.4831385882110285, 10, 0.5]
[0.4770577555695482, 10, 0.5]
[0.45674426223814424, 10, 0.5]
[0.4677779661136686, 10, 0.5]
[0.4982937718415881, 2, 0.5]
[0.47446140157790795, 2, 0.5]
[0.22744763523169217, 2, 0.5]
[0.22181456511529088, 2, 0.5]
[0.23181370902640355, 2, 0.5]
[0.2077491424107355, 2, 0.5]
[0.24587252630972295, 2, 0.5]
[0.2252547155029714, 2, 0.5]
[0.2619665720093421, 2, 0.5]
[0.22994905666657192, 2, 0.5]
[0.2640261808978764, 2, 0.5]
[0.2876200799250445, 2, 0.5]
[0.3024104083065546, 2, 0.5]
[0.31787846630366584, 2, 0.5]
[0.31046226117727566, 2, 0.5]
[0.3376899234699627, 7, 0.5]
[0.3263741000423305, 7, 0.5]
[0.3384360218451522, 7, 0.5]
[0.32033540837187197, 7, 0.5]
[0.32819668288776116, 7, 0.5]
[0.3505164452868794, 7, 0.5]
[0.35424108108713426, 7, 0.5]
[0.36059232781829453, 7, 0.5]
[0.37431262484161365, 7, 0.5]
[0.3356877466148502, 7, 0.5]
[0.3471375502593912, 7, 0.5]
[0.38378030948067904, 7, 0.5]
[0.3807969680374513, 7, 0.5]
[0.38867731741895517, 7, 0.5]
[0.38016561978610414, 7, 0.5]
[0.3922906052116112, 7, 0.5]
[0.41776505015972426, 7, 0.5]
[0.42558635607226136, 12, 0.5]
[0.41088199492067035, 12, 0.5]
[0.4233917114709469, 12, 0.5]
[0.427257617320213, 12, 0.5]
[0.43494603884932587, 12, 0.5]
[0.44289641804603913, 12, 0.5]
[0.4217608921640007, 12, 0.5]
[0.443597381105863, 12, 0.5]
[0.4383336191774287, 12, 0.5]
[0.4263911094432531, 12, 0.5]
[0.4400357149385931, 4, 0.5]
[0.4535324048471627, 4, 0.5]
[0.46030375248826544, 4, 0.5]
[0.44737787173604443, 4, 0.5]
[0.4603836776578377, 11, 0.5]
[0.48957989452515716, 11, 0.5]
[0.4882152169780752, 11, 0.5]
[0.4993084531611996, 11, 0.5]
[0.47868149761256995, 11, 0.5]
[0.47356110646048444, 11, 0.5]
[0.47328114893581535, 11, 0.5]
[0.48356590585598314, 11, 0.5]
[0.47115452793296064, 11, 0.5]
[0.4644676090601444, 11, 0.5]
[0.4908993002310264, 11, 0.5]
[0.4660876318263841, 11, 0.5]
[0.4526860444377292, 11, 0.5]
[0.45585116712538587, 11, 0.5]
[0.15153098114836527, 11, 0.5]
[0.1471777198136834, 11, 0.5]
[0.17329745148678907, 11, 0.5]
[0.16148092991511845, 11, 0.5]
[0.16035925393625372, 11, 0.5]
[0.15369338048115339, 11, 0.5]
[0.16937581214321937, 11, 0.5]
[0.14808457115851825, 11, 0.5]
[0.15428623412045345, 11, 0.5]
[0.1376321397836535, 11, 0.5]
[0.18818604935268213, 6, 0.5]
[0.17924488732681085, 0, 0.5]
[0.20104418766357904, 0, 0.5]
[0.1878541577496981, 0, 0.5]
[0.1891474381279002, 0, 0.5]
[0.2058989397344697, 0, 0.5]
[0.20449225784167338, 0, 0.5]
[0.18633202901938817, 0, 0.5]
[0.21185117112568008, 6, 0.5]
[0.19590784909330064, 6, 0.5]
[0.20546942510919497, 6, 0.5]
[0.20168439081826653, 6, 0.5]
[0.19571190384252848, 6, 0.5]
[0.1731091427661974, 4, 0.5]
[0.11213581665609972, 4, 0.5]
[0.11278956245057765, 4, 0.5]
[0.10051621524528903, 4, 0.5]
[0.1260597732699728, 4, 0.5]
[0.10105542235510477, 4, 0.5]
[0.10607576612723563, 4, 0.5]
[0.10336455224485898, 4, 0.5]
[0.11208114669927706, 3, 0.5]
[0.10231578426270672, 3, 0.5]
[0.10052784431657749, 3, 0.5]
[0.10043086016584996, 3, 0.5]
[0.11880178117457962, 3, 0.5]
[0.12771960736872645, 3, 0.5]
[0.13268271116890484, 3, 0.5]
[0.1256091157328327, 3, 0.5]
[0.293615142104642, 3, 0.5]
[0.2840221637245577, 3, 0.5]
[0.3054439996491455, 3, 0.5]
[0.27371810582305695, 3, 0.5]
[0.2882620601281723, 3, 0.5]
[0.32936113592616323, 3, 0.5]
[0.3667519326974044, 3, 0.5]
[0.3707725091561007, 3, 0.5]
[0.3596000967139342, 3, 0.5]
[0.39462896997075536, 6, 0.5]
[0.375280610308874, 3, 0.5]
[0.40259774932841874, 6, 0.5]
[0.3987360244866017, 12, 0.5]
[0.41899275285800053, 12, 0.5]
[0.4124267680340414, 12, 0.5]
[0.41594140301973537, 12, 0.5]
[0.41229510708439976, 12, 0.5]
[0.4299100146616283, 12, 0.5]
[0.4339110081337414, 12, 0.5]
[0.4359217795507422, 12, 0.5]
[0.4184594935171198, 12, 0.5]
[0.4483439845524287, 12, 0.5]
[0.4348902742114322, 12, 0.5]
[0.4469950535930443, 12, 0.5]
[0.4446625998098522, 13, 0.5]
[0.4286556423924841, 13, 0.5]
[0.4419686283298002, 13, 0.5]
[0.4499705208290362, 13, 0.5]
[0.46048074715755677, 13, 0.5]
[0.4507078586712548, 13, 0.5]
[0.4635798385282646, 13, 0.5]
[0.4619790019312869, 13, 0.5]
[0.4956771931523464, 13, 0.5]
[0.49905331462587754, 13, 0.5]
[0.48549375269581135, 13, 0.5]
[0.4990844234764462, 13, 0.5]
[0.4988125101693585, 13, 0.5]
[0.49882584767198784, 13, 0.5]
[0.4910010192657511, 13, 0.5]
[0.4805389402204002, 13, 0.5]
[0.48133532053232403, 13, 0.5]
[0.49229468776180385, 0, 0.5]
[0.4871142984856704, 13, 0.5]
[0.49866867780299645, 0, 0.5]
[0.47518118781409746, 0, 0.5]
[0.10983275352107642, 0, 0.5]
[0.10863029752208458, 0, 0.5]
[0.11635622883452842, 0, 0.5]
[0.10088586817592607, 0, 0.5]
[0.14094610042883965, 0, 0.5]
[0.12868783383614374, 0, 0.5]
[0.13542201569997903, 0, 0.5]
[0.1262762076131758, 0, 0.5]
[0.14416956283527257, 0, 0.5]
[0.14182781776050218, 0, 0.5]
[0.1491067258576659, 6, 0.5]
[0.16459470216174443, 4, 0.5]
[0.17836276535400766, 4, 0.5]
[0.15539052757300015, 4, 0.5]
[0.2197951012998529, 4, 0.5]
[0.1746316353282134, 4, 0.5]
[0.1787741220174881, 4, 0.5]
[0.2168494708096802, 4, 0.5]
[0.21188013149694657, 4, 0.5]
[0.22419709741569938, 4, 0.5]
[0.21136975614860656, 4, 0.5]
[0.21624568970347727, 4, 0.5]
[0.23825855509066804, 4, 0.5]
[0.22492696658992792, 4, 0.5]
[0.19618610996128477, 4, 0.5]
[0.24497987646238908, 4, 0.5]
[0.1932574709556344, 4, 0.5]
[0.16383173776322615, 4, 0.5]
[0.16373066777957038, 6, 0.5]
[0.171076918903647, 6, 0.5]
[0.168177557394006, 6, 0.5]
[0.15735492905682608, 6, 0.5]
[0.14479025217291258, 1, 0.5]
[0.15116581729256243, 1, 0.5]
[0.13916858959662404, 1, 0.5]
[0.14016539997727256, 1, 0.5]
[0.13491532453456687, 1, 0.5]
[0.1428928510963987, 1, 0.5]
[0.15708303048615013, 1, 0.5]
[0.15023944529378838, 1, 0.5]
[0.18203452984786075, 1, 0.5]
[0.16880850830388994, 1, 0.5]
[0.18113109079692208, 1, 0.5]
[0.19041117402383975, 1, 0.5]
[0.2540146374753002, 1, 0.5]
[0.24632479471531982, 1, 0.5]
[0.25566075093587304, 1, 0.5]
[0.23922188715572784, 1, 0.5]
[0.24835329376606752, 1, 0.5]
[0.2599128637924372, 1, 0.5]
[0.25547663482850524, 1, 0.5]
[0.2658186917439225, 1, 0.5]
[0.25917396595982345, 1, 0.5]
[0.2713114357345661, 1, 0.5]
[0.2682771328664932, 1, 0.5]
[0.2530219197616428, 1, 0.5]
[0.2706516968408226, 1, 0.5]
[0.27619099173593986, 1, 0.5]
[0.2822821252367814, 1, 0.5]
[0.27924490384932327, 1, 0.5]
[0.2909420457543223, 1, 0.5]
[0.2963032270190188, 1, 0.5]
[0.30121789030658414, 1, 0.5]
[0.3146532822586238, 5, 0.5]
[0.3400723692314843, 5, 0.5]
[0.32130403117524725, 5, 0.5]
[0.3380922177851368, 5, 0.5]
[0.36634860253438317, 5, 0.5]
[0.40398391671841755, 5, 0.5]
[0.3878783913048404, 5, 0.5]
[0.3996420634326746, 5, 0.5]
[0.4015708780081922, 5, 0.5]
[0.38589343455690434, 5, 0.5]
[0.3932167224057011, 5, 0.5]
[0.3701949782221451, 5, 0.5]
[0.38048125882404915, 5, 0.5]
[0.3654874830453422, 5, 0.5]
[0.3597855102154274, 5, 0.5]
[0.35636216403700705, 5, 0.5]
[0.35212728289216916, 5, 0.5]
[0.3497328648200566, 5, 0.5]
[0.37323086384002113, 5, 0.5]
[0.34508872311303684, 5, 0.5]
[0.34548282956813386, 5, 0.5]
[0.33391368639719515, 5, 0.5]
[0.3760507509898061, 5, 0.5]
[0.36401137847819776, 5, 0.5]
[0.38855781207842505, 5, 0.5]
[0.39857201172336165, 5, 0.5]
[0.39563304033170305, 5, 0.5]
[0.4071191770471806, 5, 0.5]
[0.38028117508815995, 5, 0.5]
[0.40368133667978934, 5, 0.5]
[0.40992276369274433, 5, 0.5]
[0.4102079106391254, 5, 0.5]
[0.38897130195452223, 5, 0.5]
[0.3741507442118517, 5, 0.5]
[0.3840311950986544, 5, 0.5]
[0.36272274630537793, 5, 0.5]
[0.3548975365432582, 5, 0.5]
[0.35612951101083773, 5, 0.5]
[0.3435073828564587, 5, 0.5]
[0.34831410226991616, 5, 0.5]
[0.33358087794036134, 5, 0.5]
[0.3199503114380912, 5, 0.5]
[0.3297671029576227, 5, 0.5]
[0.32200619328771346, 5, 0.5]
[0.3097719724530216, 9, 0.5]
[0.3268456360442093, 9, 0.5]
[0.3126263992270316, 9, 0.5]
[0.3143571742239484, 9, 0.5]
[0.30837496190597047, 9, 0.5]
[0.3011706519875471, 9, 0.5]
[0.3236039978214021, 9, 0.5]
[0.2955043586275852, 9, 0.5]
[0.2911474025274223, 9, 0.5]
[0.11983893825103747, 9, 0.5]
[0.11677574073587156, 9, 0.5]
[0.11755160342240115, 9, 0.5]
[0.1174934788938709, 9, 0.5]
[0.12309611392030285, 9, 0.5]
[0.12345985582263014, 9, 0.5]
[0.13145563653213546, 9, 0.5]
[0.1307091585508892, 9, 0.5]
[0.11028824884605777, 9, 0.5]
[0.10003539422441068, 9, 0.5]
[0.13121282639041887, 9, 0.5]
[0.13308885265282033, 9, 0.5]
[0.13482884122203098, 9, 0.5]
[0.15057643778520055, 9, 0.5]
[0.15814772064376012, 9, 0.5]
[0.17357445147014758, 9, 0.5]
[0.18953487967348004, 9, 0.5]
[0.1820269062046079, 9, 0.5]
[0.20464738077648478, 8, 0.5]
[0.19739629268061906, 8, 0.5]
[0.21943544931546727, 8, 0.5]
[0.20394376004233672, 8, 0.5]
[0.23615154008897848, 8, 0.5]
[0.232368442773591, 8, 0.5]
[0.2399765566439548, 8, 0.5]
[0.2306508510232699, 8, 0.5]
[0.22796930448280842, 8, 0.5]
[0.24481822540605194, 8, 0.5]
[0.24832119971375102, 8, 0.5]
[0.2409495144621465, 8, 0.5]
[0.2639947382840598, 8, 0.5]
[0.2732897049767679, 8, 0.5]
[0.2830713641814432, 8, 0.5]
[0.2768497307420196, 8, 0.5]
[0.2855586746052677, 8, 0.5]
[0.2767633840012672, 8, 0.5]
[0.28830225634030987, 8, 0.5]
[0.29459168569800237, 8, 0.5]
[0.29748516300374844, 8, 0.5]
[0.29916245136690955, 8, 0.5]
[0.3049164116254973, 8, 0.5]
[0.3078866475756272, 8, 0.5]
[0.30382330196105356, 8, 0.5]
[0.31151730213991646, 10, 0.5]
[0.31931362313618306, 10, 0.5]
[0.3280263906643401, 10, 0.5]
[0.336319445467846, 10, 0.5]
[0.3270514819100343, 10, 0.5]
[0.31524031148080767, 10, 0.5]
[0.3077927658690854, 10, 0.5]
[0.3167061397743115, 10, 0.5]
[0.29139513330063754, 10, 0.5]
[0.47035431939387173, 10, 0.5]
[0.478752643849038, 10, 0.5]
[0.4676091064021593, 10, 0.5]
[0.4868847058187541, 10, 0.5]
[0.48513899321993714, 10, 0.5]
[0.4680910860956037, 10, 0.5]
[0.4711531308967773, 10, 0.5]
[0.48239796354913356, 10, 0.5]
[0.45604919380879566, 10, 0.5]
[0.4782095184960411, 10, 0.5]
[0.45851495791000124, 10, 0.5]
[0.49142506803222785, 10, 0.5]
[0.4762375648885325, 10, 0.5]
[0.4944329181495482, 10, 0.5]
[0.4590691087151028, 2, 0.5]
[0.47328624803063635, 2, 0.5]
[0.44367697068052747, 2, 0.5]
[0.4526982675590365, 2, 0.5]
[0.22435144446789582, 2, 0.5]
[0.2197336655465546, 2, 0.5]
[0.23275416583190317, 2, 0.5]
[0.2138267818935048, 2, 0.5]
[0.22493205771442398, 2, 0.5]
[0.2316790255672503, 2, 0.5]
[0.24840070317191398, 2, 0.5]
[0.25996695437906514, 2, 0.5]
[0.2605123136955044, 2, 0.5]
[0.2648093451943739, 2, 0.5]
[0.264917913671289, 2, 0.5]
[0.24848706273302476, 2, 0.5]
[0.270929987842052, 2, 0.5]
[0.28495068986402133, 2, 0.5]
[0.2788897270095368, 2, 0.5]
[0.2869943564342282, 2, 0.5]
[0.2955274200534077, 2, 0.5]
[0.3366628879325095, 2, 0.5]
[0.3368143252405607, 7, 0.5]
[0.3240757165761584, 7, 0.5]
[0.3400075448773632, 7, 0.5]
[0.32273826771175806, 7, 0.5]
[0.33081492644153593, 7, 0.5]
[0.3465537036670566, 7, 0.5]
[0.34097601067579403, 7, 0.5]
[0.3512780343489187, 7, 0.5]
[0.35446181552135936, 7, 0.5]
[0.36053559980765376, 7, 0.5]
[0.36982471019618574, 7, 0.5]
[0.3481214319038464, 7, 0.5]
