['DSBFneighbors', 'DSBFtopk']
[83, 8, 0.0]
[97, 3, 0.5]
[51, 4, 0.0]
[33, 1, 0.5]
[36, 1, 0.5]
[71, 7, 0.0]
[11, 4, 0.0]
[44, 0, 0.5]
[57, 7, 0.0]
[94, 1, 0.5]
[83, 6, 0.0]
[94, 2, 0.5]
[75, 7, 0.0]
[1, 4, 0.0]
[63, 8, 0.0]
[80, 4, 0.0]
[82, 6, 0.0]
[15, 7, 0.0]
[86, 1, 0.5]
[3, 3, 0.5]
[87, 2, 0.5]
[95, 2, 0.5]
[97, 5, 0.0]
[53, 3, 0.5]
[95, 2, 0.5]
[45, 3, 0.5]
[45, 3, 0.5]
[30, 3, 0.5]
[52, 3, 0.5]
[30, 3, 0.5]
[55, 2, 0.5]
[55, 2, 0.5]
[59, 2, 0.5]
[59, 1, 0.5]
[3, 0, 0.5]
[77, 0, 0.5]
[25, 0, 0.5]
[8, 1, 0.5]
[21, 5, 0.0]
[6, 8, 0.0]
[27, 3, 0.5]
[10, 6, 0.0]
[87, 5, 0.0]
[56, 8, 0.0]
[62, 4, 0.0]
[52, 0, 0.5]
[31, 0, 0.5]
[53, 0, 0.5]
[40, 7, 0.0]
[43, 2, 0.5]
[95, 6, 0.0]
[28, 4, 0.0]
[90, 8, 0.0]
[45, 2, 0.5]
[29, 7, 0.0]
[61, 3, 0.5]
[30, 3, 0.5]
[23, 3, 0.5]
[67, 3, 0.5]
[41, 3, 0.5]
[48, 3, 0.5]
[24, 2, 0.5]
[55, 5, 0.0]
[89, 6, 0.0]
[34, 2, 0.5]
[59, 1, 0.5]
[78, 3, 0.5]
[2, 1, 0.5]
[84, 1, 0.5]
[81, 2, 0.5]
[26, 2, 0.5]
[0, 0, 0.5]
[77, 2, 0.5]
[59, 1, 0.5]
[25, 0, 0.5]
[8, 1, 0.5]
[3, 1, 0.5]
[91, 4, 0.0]
[13, 3, 0.5]
[52, 3, 0.5]
[4, 8, 0.0]
[27, 7, 0.0]
[16, 5, 0.0]
[12, 2, 0.5]
[93, 2, 0.5]
[93, 2, 0.5]
[46, 6, 0.0]
[17, 1, 0.5]
[39, 1, 0.5]
[7, 1, 0.5]
[98, 0, 0.5]
[76, 0, 0.5]
[20, 4, 0.0]
[77, 0, 0.5]
[2, 7, 0.0]
[70, 0, 0.5]
[53, 1, 0.5]
[66, 8, 0.0]
[54, 0, 0.5]
[81, 2, 0.5]
[84, 1, 0.5]
[84, 1, 0.5]
[13, 5, 0.0]
[52, 3, 0.5]
[73, 3, 0.5]
[61, 3, 0.5]
[61, 3, 0.5]
[45, 2, 0.5]
[85, 2, 0.5]
[30, 3, 0.5]
[23, 3, 0.5]
[32, 6, 0.0]
[74, 3, 0.5]
[60, 4, 0.0]
[88, 3, 0.5]
[38, 7, 0.0]
[22, 3, 0.5]
[35, 3, 0.5]
[65, 3, 0.5]
[42, 8, 0.0]
[14, 0, 0.5]
[92, 2, 0.5]
[68, 5, 0.0]
[18, 2, 0.5]
[93, 2, 0.5]
[47, 2, 0.5]
[78, 6, 0.0]
[5, 0, 0.5]
[2, 4, 0.0]
[34, 7, 0.0]
[37, 8, 0.0]
[79, 1, 0.5]
[7, 1, 0.5]
[17, 1, 0.5]
[9, 1, 0.5]
[98, 1, 0.5]
[76, 0, 0.5]
[19, 0, 0.5]
[76, 0, 0.5]
[44, 0, 0.5]
[81, 5, 0.0]
[26, 6, 0.0]
[72, 7, 0.0]
[25, 0, 0.5]
[0, 0, 0.5]
[49, 0, 0.5]
[96, 2, 0.5]
[64, 1, 0.5]
[54, 1, 0.5]
[71, 1, 0.5]
[84, 4, 0.0]
[13, 3, 0.5]
[33, 3, 0.5]
[73, 1, 0.5]
[52, 3, 0.5]
[47, 2, 0.5]
[83, 2, 0.5]
[45, 3, 0.5]
[50, 2, 0.5]
[57, 2, 0.5]
[51, 8, 0.0]
[48, 5, 0.0]
[79, 2, 0.5]
[12, 2, 0.5]
[17, 1, 0.5]
[9, 1, 0.5]
[11, 1, 0.5]
[58, 6, 0.0]
[7, 1, 0.5]
[63, 4, 0.0]
[75, 0, 0.5]
[73, 3, 0.5]
[86, 8, 0.0]
[97, 7, 0.0]
[17, 2, 0.5]
[1, 3, 0.5]
[61, 3, 0.5]
[61, 3, 0.5]
[36, 5, 0.0]
[70, 0, 0.5]
[69, 2, 0.5]
[21, 2, 0.5]
[85, 6, 0.0]
[53, 0, 0.5]
[23, 4, 0.0]
[81, 7, 0.0]
[80, 8, 0.0]
[31, 0, 0.5]
[74, 3, 0.5]
[41, 3, 0.5]
[47, 3, 0.5]
[30, 3, 0.5]
[88, 3, 0.5]
[23, 3, 0.5]
[62, 3, 0.5]
[77, 0, 0.5]
[77, 0, 0.5]
[56, 3, 0.5]
[35, 5, 0.0]
[70, 1, 0.5]
[82, 6, 0.0]
[11, 1, 0.5]
[14, 4, 0.0]
[54, 1, 0.5]
[15, 2, 0.5]
[15, 2, 0.5]
[15, 1, 0.5]
[4, 2, 0.5]
[14, 7, 0.0]
[94, 8, 0.0]
[28, 1, 0.5]
[93, 2, 0.5]
[18, 2, 0.5]
[43, 5, 0.0]
[6, 3, 0.5]
[45, 2, 0.5]
[79, 4, 0.0]
[67, 3, 0.5]
[5, 1, 0.5]
[40, 1, 0.5]
[7, 6, 0.0]
[29, 3, 0.5]
[9, 1, 0.5]
[24, 7, 0.0]
[90, 2, 0.5]
[91, 1, 0.5]
[10, 1, 0.5]
[85, 8, 0.0]
[30, 5, 0.0]
[88, 2, 0.5]
[98, 6, 0.0]
[62, 3, 0.5]
[39, 3, 0.5]
[19, 0, 0.5]
[22, 0, 0.5]
[76, 0, 0.5]
[76, 0, 0.5]
[32, 0, 0.5]
[65, 0, 0.5]
[11, 4, 0.0]
[35, 8, 0.0]
[22, 7, 0.0]
[89, 5, 0.0]
[46, 2, 0.5]
[0, 0, 0.5]
[0, 4, 0.0]
[66, 0, 0.5]
[49, 0, 0.5]
[18, 0, 0.5]
[96, 2, 0.5]
[93, 0, 0.5]
[49, 2, 0.5]
[64, 1, 0.5]
[18, 2, 0.5]
[8, 2, 0.5]
[54, 1, 0.5]
[5, 1, 0.5]
[5, 2, 0.5]
[5, 2, 0.5]
[68, 2, 0.5]
[68, 6, 0.0]
[87, 2, 0.5]
[37, 2, 0.5]
[52, 1, 0.5]
[79, 3, 0.5]
[16, 7, 0.0]
[29, 1, 0.5]
[50, 2, 0.5]
[83, 2, 0.5]
[57, 2, 0.5]
[50, 2, 0.5]
[57, 8, 0.0]
[88, 1, 0.5]
[42, 2, 0.5]
[45, 5, 0.0]
[19, 1, 0.5]
[12, 2, 0.5]
[95, 2, 0.5]
[9, 4, 0.0]
[3, 1, 0.5]
[12, 1, 0.5]
[76, 0, 0.5]
[44, 0, 0.5]
[44, 0, 0.5]
[65, 0, 0.5]
[65, 0, 0.5]
[76, 0, 0.5]
[73, 6, 0.0]
[25, 0, 0.5]
[7, 7, 0.0]
[19, 0, 0.5]
[1, 3, 0.5]
[75, 8, 0.0]
[44, 0, 0.5]
[96, 3, 0.5]
[61, 3, 0.5]
[61, 3, 0.5]
[1, 3, 0.5]
[61, 3, 0.5]
[71, 3, 0.5]
[63, 3, 0.5]
[25, 0, 0.5]
[49, 0, 0.5]
[70, 3, 0.5]
[21, 5, 0.0]
[64, 6, 0.0]
[60, 4, 0.0]
[71, 1, 0.5]
[69, 7, 0.0]
[20, 1, 0.5]
[21, 8, 0.0]
[37, 5, 0.0]
[13, 1, 0.5]
[53, 6, 0.0]
[72, 0, 0.5]
[41, 3, 0.5]
[31, 4, 0.0]
[47, 7, 0.0]
[83, 2, 0.5]
[57, 3, 0.5]
[74, 8, 0.0]
[92, 5, 0.0]
[78, 6, 0.0]
[55, 4, 0.0]
[52, 2, 0.5]
[74, 3, 0.5]
[31, 3, 0.5]
[41, 3, 0.5]
[88, 3, 0.5]
[23, 3, 0.5]
[17, 3, 0.5]
[33, 3, 0.5]
[9, 3, 0.5]
[90, 3, 0.5]
[38, 3, 0.5]
[79, 1, 0.5]
[79, 1, 0.5]
[28, 1, 0.5]
[28, 2, 0.5]
[11, 1, 0.5]
[25, 1, 0.5]
[75, 2, 0.5]
[6, 7, 0.0]
[86, 1, 0.5]
[73, 3, 0.5]
[36, 1, 0.5]
[94, 1, 0.5]
[27, 1, 0.5]
[61, 8, 0.0]
[51, 6, 0.0]
[1, 5, 0.0]
[75, 3, 0.5]
[40, 1, 0.5]
[29, 1, 0.5]
[90, 4, 0.0]
[63, 3, 0.5]
[91, 5, 0.0]
[80, 3, 0.5]
[10, 3, 0.5]
[34, 1, 0.5]
[10, 1, 0.5]
[10, 2, 0.5]
[58, 7, 0.0]
[71, 6, 0.0]
[82, 3, 0.5]
[20, 3, 0.5]
[20, 8, 0.0]
[53, 0, 0.5]
[26, 0, 0.5]
[69, 0, 0.5]
[69, 0, 0.5]
[4, 0, 0.5]
[41, 0, 0.5]
[41, 2, 0.5]
[70, 2, 0.5]
[32, 0, 0.5]
[76, 0, 0.5]
[48, 0, 0.5]
[46, 0, 0.5]
[32, 0, 0.5]
[0, 0, 0.5]
[46, 0, 0.5]
[49, 0, 0.5]
[66, 0, 0.5]
[66, 0, 0.5]
[0, 0, 0.5]
[96, 0, 0.5]
[97, 0, 0.5]
[93, 4, 0.0]
[77, 0, 0.5]
[59, 2, 0.5]
[96, 7, 0.0]
[77, 3, 0.5]
[64, 2, 0.5]
[77, 8, 0.0]
[11, 3, 0.5]
[18, 5, 0.0]
[52, 1, 0.5]
[54, 1, 0.5]
[8, 1, 0.5]
[8, 1, 0.5]
[15, 2, 0.5]
[89, 2, 0.5]
[5, 2, 0.5]
[43, 2, 0.5]
[15, 2, 0.5]
[15, 1, 0.5]
[87, 2, 0.5]
[87, 2, 0.5]
[37, 2, 0.5]
[68, 2, 0.5]
[68, 2, 0.5]
[87, 2, 0.5]
[29, 1, 0.5]
[67, 1, 0.5]
[2, 2, 0.5]
[4, 6, 0.0]
[15, 2, 0.5]
[6, 3, 0.5]
[67, 3, 0.5]
[18, 3, 0.5]
[50, 2, 0.5]
[50, 2, 0.5]
[42, 2, 0.5]
[57, 2, 0.5]
[19, 2, 0.5]
[56, 2, 0.5]
[10, 1, 0.5]
[67, 1, 0.5]
[6, 4, 0.0]
[9, 1, 0.5]
[42, 2, 0.5]
[3, 2, 0.5]
[40, 1, 0.5]
[40, 1, 0.5]
[95, 7, 0.0]
[39, 1, 0.5]
[24, 0, 0.5]
[44, 0, 0.5]
[44, 0, 0.5]
[12, 0, 0.5]
[41, 5, 0.0]
[41, 8, 0.0]
[41, 6, 0.0]
[84, 4, 0.0]
[91, 1, 0.5]
[65, 0, 0.5]
[39, 0, 0.5]
[62, 0, 0.5]
[65, 0, 0.5]
[65, 0, 0.5]
[65, 0, 0.5]
[1, 0, 0.5]
[25, 0, 0.5]
[1, 7, 0.0]
[22, 0, 0.5]
[22, 0, 0.5]
[32, 0, 0.5]
[32, 0, 0.5]
[88, 3, 0.5]
[61, 3, 0.5]
[16, 0, 0.5]
[97, 0, 0.5]
[62, 3, 0.5]
[61, 3, 0.5]
[61, 3, 0.5]
[92, 3, 0.5]
[71, 3, 0.5]
[19, 8, 0.0]
[46, 5, 0.0]
[22, 6, 0.0]
[52, 7, 0.0]
[11, 4, 0.0]
[54, 8, 0.0]
[36, 5, 0.0]
[66, 6, 0.0]
[54, 0, 0.5]
[49, 3, 0.5]
[71, 3, 0.5]
[98, 7, 0.0]
[18, 4, 0.0]
[93, 2, 0.5]
[60, 2, 0.5]
[60, 2, 0.5]
[64, 2, 0.5]
[64, 2, 0.5]
[64, 2, 0.5]
[13, 1, 0.5]
[72, 1, 0.5]
[72, 1, 0.5]
[83, 8, 0.0]
[5, 2, 0.5]
[5, 2, 0.5]
[13, 5, 0.0]
[5, 6, 0.0]
[5, 4, 0.0]
[38, 2, 0.5]
[81, 3, 0.5]
[57, 3, 0.5]
[74, 3, 0.5]
[31, 3, 0.5]
[74, 3, 0.5]
[31, 3, 0.5]
[55, 3, 0.5]
[51, 3, 0.5]
[23, 3, 0.5]
[23, 3, 0.5]
[17, 3, 0.5]
[33, 3, 0.5]
[33, 3, 0.5]
[17, 3, 0.5]
[33, 3, 0.5]
[38, 3, 0.5]
[38, 3, 0.5]
[79, 3, 0.5]
[78, 8, 0.0]
[39, 1, 0.5]
[28, 1, 0.5]
[90, 1, 0.5]
[28, 1, 0.5]
[28, 1, 0.5]
[19, 1, 0.5]
[12, 1, 0.5]
[28, 1, 0.5]
[87, 1, 0.5]
[75, 1, 0.5]
[37, 1, 0.5]
[86, 1, 0.5]
[25, 1, 0.5]
[86, 7, 0.0]
[3, 5, 0.0]
[95, 6, 0.0]
[3, 0, 0.5]
[27, 1, 0.5]
[94, 1, 0.5]
[36, 1, 0.5]
[27, 1, 0.5]
[27, 4, 0.0]
[80, 0, 0.5]
[75, 1, 0.5]
[85, 1, 0.5]
[94, 1, 0.5]
[63, 7, 0.0]
[58, 8, 0.0]
[34, 6, 0.0]
[88, 5, 0.0]
[14, 0, 0.5]
[80, 4, 0.0]
[42, 3, 0.5]
[44, 3, 0.5]
[44, 3, 0.5]
[63, 7, 0.0]
[96, 3, 0.5]
[10, 8, 0.0]
[35, 3, 0.5]
[10, 5, 0.0]
[26, 3, 0.5]
[26, 3, 0.5]
[1, 3, 0.5]
[10, 1, 0.5]
[10, 1, 0.5]
[34, 6, 0.0]
[12, 3, 0.5]
[82, 7, 0.0]
[61, 3, 0.5]
[53, 8, 0.0]
[61, 3, 0.5]
[20, 0, 0.5]
[53, 0, 0.5]
[20, 0, 0.5]
[26, 0, 0.5]
[20, 0, 0.5]
[53, 0, 0.5]
[69, 0, 0.5]
[69, 0, 0.5]
[72, 0, 0.5]
[30, 0, 0.5]
[69, 0, 0.5]
[70, 0, 0.5]
[70, 5, 0.0]
[49, 4, 0.0]
[63, 6, 0.0]
[25, 0, 0.5]
[70, 0, 0.5]
[41, 0, 0.5]
[31, 3, 0.5]
[71, 3, 0.5]
[48, 0, 0.5]
[32, 0, 0.5]
[76, 0, 0.5]
[46, 0, 0.5]
[46, 0, 0.5]
[56, 0, 0.5]
[46, 0, 0.5]
[46, 0, 0.5]
[24, 0, 0.5]
[59, 0, 0.5]
[0, 0, 0.5]
[66, 0, 0.5]
[66, 0, 0.5]
[21, 0, 0.5]
[97, 0, 0.5]
[59, 0, 0.5]
[0, 0, 0.5]
[77, 0, 0.5]
[77, 4, 0.0]
[83, 3, 0.5]
[77, 2, 0.5]
[97, 7, 0.0]
[38, 3, 0.5]
[38, 3, 0.5]
[79, 3, 0.5]
[39, 3, 0.5]
[39, 3, 0.5]
[88, 3, 0.5]
[11, 1, 0.5]
[52, 1, 0.5]
[31, 3, 0.5]
[45, 3, 0.5]
[8, 1, 0.5]
[89, 2, 0.5]
[89, 3, 0.5]
[79, 3, 0.5]
[33, 3, 0.5]
[28, 1, 0.5]
[73, 2, 0.5]
[2, 2, 0.5]
[79, 1, 0.5]
[90, 1, 0.5]
[43, 2, 0.5]
[87, 2, 0.5]
[15, 2, 0.5]
[87, 2, 0.5]
[75, 1, 0.5]
[75, 1, 0.5]
[28, 1, 0.5]
[28, 1, 0.5]
[67, 2, 0.5]
[68, 2, 0.5]
[68, 2, 0.5]
[2, 2, 0.5]
[86, 1, 0.5]
[86, 1, 0.5]
[86, 1, 0.5]
[14, 1, 0.5]
[14, 1, 0.5]
[42, 1, 0.5]
[55, 1, 0.5]
[55, 1, 0.5]
[68, 2, 0.5]
[68, 2, 0.5]
[29, 2, 0.5]
[67, 2, 0.5]
[2, 2, 0.5]
[6, 5, 0.0]
[94, 1, 0.5]
[67, 8, 0.0]
[26, 3, 0.5]
[67, 3, 0.5]
[81, 6, 0.0]
[47, 1, 0.5]
[18, 2, 0.5]
[6, 3, 0.5]
[50, 2, 0.5]
[42, 4, 0.0]
[40, 3, 0.5]
[50, 2, 0.5]
[57, 2, 0.5]
[57, 2, 0.5]
[50, 2, 0.5]
[50, 2, 0.5]
[19, 2, 0.5]
[56, 2, 0.5]
[84, 2, 0.5]
[56, 2, 0.5]
[16, 1, 0.5]
[9, 1, 0.5]
[9, 2, 0.5]
[85, 2, 0.5]
[51, 1, 0.5]
[3, 1, 0.5]
[40, 1, 0.5]
[3, 1, 0.5]
[9, 7, 0.0]
[70, 8, 0.0]
[34, 1, 0.5]
[34, 7, 0.0]
[25, 6, 0.0]
[82, 4, 0.0]
[58, 0, 0.5]
[40, 5, 0.0]
[71, 3, 0.5]
[40, 1, 0.5]
[40, 1, 0.5]
[40, 1, 0.5]
[24, 1, 0.5]
[44, 8, 0.0]
[69, 0, 0.5]
[69, 0, 0.5]
[4, 0, 0.5]
[32, 0, 0.5]
[4, 0, 0.5]
[76, 0, 0.5]
[91, 0, 0.5]
[12, 0, 0.5]
[62, 0, 0.5]
[91, 0, 0.5]
[65, 0, 0.5]
[29, 0, 0.5]
[29, 0, 0.5]
[46, 0, 0.5]
[62, 0, 0.5]
[65, 0, 0.5]
[32, 0, 0.5]
[32, 0, 0.5]
[80, 0, 0.5]
[65, 0, 0.5]
[65, 0, 0.5]
[22, 0, 0.5]
[22, 0, 0.5]
[22, 0, 0.5]
[22, 0, 0.5]
[32, 0, 0.5]
[88, 6, 0.0]
[66, 4, 0.0]
[66, 5, 0.0]
[25, 0, 0.5]
[8, 7, 0.0]
[14, 0, 0.5]
[7, 8, 0.0]
[82, 0, 0.5]
[16, 5, 0.0]
[96, 0, 0.5]
[97, 0, 0.5]
[97, 0, 0.5]
[53, 6, 0.0]
[90, 0, 0.5]
[16, 3, 0.5]
[61, 3, 0.5]
[48, 3, 0.5]
[16, 3, 0.5]
[92, 3, 0.5]
[92, 3, 0.5]
[92, 3, 0.5]
[92, 3, 0.5]
[54, 3, 0.5]
[43, 3, 0.5]
[61, 3, 0.5]
[49, 3, 0.5]
[71, 3, 0.5]
[54, 2, 0.5]
[93, 4, 0.0]
[15, 1, 0.5]
[60, 2, 0.5]
[93, 7, 0.0]
[8, 2, 0.5]
[60, 2, 0.5]
[60, 2, 0.5]
[35, 2, 0.5]
[93, 2, 0.5]
[64, 2, 0.5]
[64, 2, 0.5]
[64, 2, 0.5]
[72, 8, 0.0]
[37, 2, 0.5]
[72, 5, 0.0]
[15, 2, 0.5]
[47, 4, 0.0]
[87, 2, 0.5]
[13, 6, 0.0]
[68, 2, 0.5]
[5, 7, 0.0]
[0, 2, 0.5]
[81, 8, 0.0]
[87, 2, 0.5]
[81, 5, 0.0]
[37, 2, 0.5]
[68, 2, 0.5]
[98, 2, 0.5]
[30, 6, 0.0]
[57, 2, 0.5]
[74, 3, 0.5]
[5, 2, 0.5]
[2, 2, 0.5]
[2, 2, 0.5]
[74, 3, 0.5]
[31, 3, 0.5]
[36, 3, 0.5]
[31, 3, 0.5]
[18, 2, 0.5]
[19, 2, 0.5]
[23, 3, 0.5]
[51, 3, 0.5]
[42, 2, 0.5]
[19, 2, 0.5]
[74, 3, 0.5]
[23, 3, 0.5]
[33, 3, 0.5]
[33, 3, 0.5]
[7, 3, 0.5]
[33, 3, 0.5]
[17, 3, 0.5]
[17, 3, 0.5]
[38, 3, 0.5]
[33, 3, 0.5]
[89, 3, 0.5]
[38, 3, 0.5]
[78, 3, 0.5]
[39, 3, 0.5]
[38, 3, 0.5]
[38, 3, 0.5]
[38, 4, 0.0]
[56, 2, 0.5]
[28, 1, 0.5]
[90, 1, 0.5]
[28, 1, 0.5]
[28, 1, 0.5]
[28, 1, 0.5]
[28, 1, 0.5]
[12, 1, 0.5]
[28, 1, 0.5]
[19, 1, 0.5]
[12, 1, 0.5]
[75, 1, 0.5]
[37, 1, 0.5]
[95, 1, 0.5]
[87, 1, 0.5]
[29, 1, 0.5]
[29, 1, 0.5]
[3, 1, 0.5]
[25, 1, 0.5]
[3, 1, 0.5]
[27, 1, 0.5]
[65, 0, 0.5]
[65, 0, 0.5]
[27, 1, 0.5]
[27, 1, 0.5]
[36, 1, 0.5]
[80, 1, 0.5]
[67, 1, 0.5]
[94, 1, 0.5]
[85, 1, 0.5]
[94, 1, 0.5]
[85, 1, 0.5]
[14, 7, 0.0]
[65, 0, 0.5]
[80, 8, 0.0]
[65, 0, 0.5]
[42, 6, 0.0]
[57, 0, 0.5]
[58, 5, 0.0]
[21, 0, 0.5]
[35, 3, 0.5]
[96, 4, 0.0]
[22, 0, 0.5]
[26, 3, 0.5]
[14, 3, 0.5]
[44, 3, 0.5]
[44, 3, 0.5]
[22, 7, 0.0]
[32, 0, 0.5]
[26, 3, 0.5]
[26, 3, 0.5]
[1, 3, 0.5]
[26, 3, 0.5]
[96, 3, 0.5]
[10, 3, 0.5]
[10, 3, 0.5]
[48, 3, 0.5]
[45, 3, 0.5]
[10, 5, 0.0]
[98, 8, 0.0]
[61, 6, 0.0]
[71, 3, 0.5]
[20, 7, 0.0]
[54, 4, 0.0]
[8, 8, 0.0]
[60, 5, 0.0]
[60, 2, 0.5]
[53, 6, 0.0]
[60, 2, 0.5]
[20, 0, 0.5]
[20, 0, 0.5]
[35, 2, 0.5]
[54, 2, 0.5]
[64, 2, 0.5]
[64, 2, 0.5]
[64, 2, 0.5]
[64, 2, 0.5]
[37, 2, 0.5]
[37, 2, 0.5]
[53, 0, 0.5]
[20, 0, 0.5]
[72, 0, 0.5]
[69, 0, 0.5]
[69, 0, 0.5]
[30, 0, 0.5]
[69, 0, 0.5]
[30, 0, 0.5]
[69, 0, 0.5]
[70, 0, 0.5]
[30, 0, 0.5]
[70, 0, 0.5]
[41, 0, 0.5]
[31, 0, 0.5]
[48, 0, 0.5]
[73, 0, 0.5]
[41, 0, 0.5]
[48, 0, 0.5]
[64, 2, 0.5]
[64, 2, 0.5]
[48, 0, 0.5]
[71, 0, 0.5]
[56, 0, 0.5]
[46, 0, 0.5]
[46, 0, 0.5]
[46, 0, 0.5]
[46, 0, 0.5]
[24, 0, 0.5]
[46, 0, 0.5]
[59, 0, 0.5]
[59, 0, 0.5]
[0, 0, 0.5]
[56, 0, 0.5]
[84, 0, 0.5]
[24, 0, 0.5]
[66, 0, 0.5]
[21, 0, 0.5]
[66, 0, 0.5]
[59, 0, 0.5]
[59, 0, 0.5]
[0, 0, 0.5]
[66, 0, 0.5]
[77, 4, 0.0]
[92, 3, 0.5]
[77, 8, 0.0]
[74, 3, 0.5]
[74, 3, 0.5]
[23, 3, 0.5]
[51, 3, 0.5]
[23, 3, 0.5]
[55, 3, 0.5]
[7, 3, 0.5]
[7, 3, 0.5]
[17, 3, 0.5]
[17, 3, 0.5]
[17, 3, 0.5]
[17, 3, 0.5]
[33, 3, 0.5]
[33, 3, 0.5]
[33, 3, 0.5]
[63, 3, 0.5]
[33, 3, 0.5]
[13, 7, 0.0]
[79, 3, 0.5]
[45, 5, 0.0]
[39, 3, 0.5]
[11, 6, 0.0]
[38, 1, 0.5]
[39, 1, 0.5]
[39, 1, 0.5]
[39, 1, 0.5]
[90, 1, 0.5]
[89, 4, 0.0]
[28, 1, 0.5]
[89, 7, 0.0]
[28, 1, 0.5]
[89, 8, 0.0]
[75, 1, 0.5]
[73, 6, 0.0]
[12, 1, 0.5]
[89, 2, 0.5]
[2, 2, 0.5]
[89, 2, 0.5]
[2, 5, 0.0]
[13, 1, 0.5]
[73, 1, 0.5]
[79, 1, 0.5]
[47, 1, 0.5]
[73, 4, 0.0]
[85, 1, 0.5]
[86, 1, 0.5]
[86, 1, 0.5]
[73, 2, 0.5]
[43, 2, 0.5]
[15, 2, 0.5]
[87, 2, 0.5]
[27, 7, 0.0]
[21, 8, 0.0]
[5, 5, 0.0]
[27, 6, 0.0]
[80, 1, 0.5]
[36, 1, 0.5]
[75, 2, 0.5]
[87, 2, 0.5]
[75, 2, 0.5]
[87, 1, 0.5]
[15, 4, 0.0]
[36, 1, 0.5]
[83, 7, 0.0]
['DSBFneighbors', 'DSBFtopk']
[22, 0, 0.5]
[71, 4, 0.0]
[61, 2, 0.5]
[29, 5, 0.0]
[18, 1, 0.5]
[69, 6, 0.0]
[97, 1, 0.5]
[64, 0, 0.5]
[29, 4, 0.0]
[11, 6, 0.0]
[13, 8, 0.0]
[28, 8, 0.0]
[86, 5, 0.0]
[74, 7, 0.0]
[31, 1, 0.5]
[93, 8, 0.0]
[29, 3, 0.5]
[69, 7, 0.0]
[56, 8, 0.0]
[22, 1, 0.5]
[73, 3, 0.5]
[94, 0, 0.5]
[72, 0, 0.5]
[70, 3, 0.5]
[22, 0, 0.5]
[72, 0, 0.5]
[76, 3, 0.5]
[22, 0, 0.5]
[39, 0, 0.5]
[6, 2, 0.5]
[77, 4, 0.0]
[6, 2, 0.5]
[3, 2, 0.5]
[40, 2, 0.5]
[81, 2, 0.5]
[68, 5, 0.0]
[14, 3, 0.5]
[81, 6, 0.0]
[35, 0, 0.5]
[14, 3, 0.5]
[10, 0, 0.5]
[94, 4, 0.0]
[34, 0, 0.5]
[80, 7, 0.0]
[84, 6, 0.0]
[53, 5, 0.0]
[70, 3, 0.5]
[32, 1, 0.5]
[0, 0, 0.5]
[98, 3, 0.5]
[16, 7, 0.0]
[9, 8, 0.0]
[22, 0, 0.5]
[52, 4, 0.0]
[59, 6, 0.0]
[92, 0, 0.5]
[7, 5, 0.0]
[46, 1, 0.5]
[72, 0, 0.5]
[95, 8, 0.0]
[76, 3, 0.5]
[63, 3, 0.5]
[36, 7, 0.0]
[54, 0, 0.5]
[41, 4, 0.0]
[39, 0, 0.5]
[43, 0, 0.5]
[89, 2, 0.5]
[6, 2, 0.5]
[6, 2, 0.5]
[23, 2, 0.5]
[83, 2, 0.5]
[40, 2, 0.5]
[4, 2, 0.5]
[3, 2, 0.5]
[75, 2, 0.5]
[81, 1, 0.5]
[33, 6, 0.0]
[12, 3, 0.5]
[96, 5, 0.0]
[48, 8, 0.0]
[14, 3, 0.5]
[66, 7, 0.0]
[6, 2, 0.5]
[35, 0, 0.5]
[67, 0, 0.5]
[21, 4, 0.0]
[20, 2, 0.5]
[10, 3, 0.5]
[37, 3, 0.5]
[82, 3, 0.5]
[49, 0, 0.5]
[39, 0, 0.5]
[47, 0, 0.5]
[8, 0, 0.5]
[43, 1, 0.5]
[89, 2, 0.5]
[6, 6, 0.0]
[51, 5, 0.0]
[23, 2, 0.5]
[30, 8, 0.0]
[83, 7, 0.0]
[67, 0, 0.5]
[2, 2, 0.5]
[25, 4, 0.0]
[79, 2, 0.5]
[45, 1, 0.5]
[19, 6, 0.0]
[92, 0, 0.5]
[44, 5, 0.0]
[65, 0, 0.5]
[3, 8, 0.0]
[57, 2, 0.5]
[4, 7, 0.0]
[57, 1, 0.5]
[38, 2, 0.5]
[90, 4, 0.0]
[78, 1, 0.5]
[12, 1, 0.5]
[75, 1, 0.5]
[81, 1, 0.5]
[55, 3, 0.5]
[14, 3, 0.5]
[35, 0, 0.5]
[27, 6, 0.0]
[43, 5, 0.0]
[91, 8, 0.0]
[20, 0, 0.5]
[42, 7, 0.0]
[15, 0, 0.5]
[67, 4, 0.0]
[17, 0, 0.5]
[88, 3, 0.5]
[1, 3, 0.5]
[20, 3, 0.5]
[10, 3, 0.5]
[58, 3, 0.5]
[82, 3, 0.5]
[87, 6, 0.0]
[24, 0, 0.5]
[47, 0, 0.5]
[39, 0, 0.5]
[50, 0, 0.5]
[8, 0, 0.5]
[26, 0, 0.5]
[47, 1, 0.5]
[71, 1, 0.5]
[5, 2, 0.5]
[89, 2, 0.5]
[23, 2, 0.5]
[2, 2, 0.5]
[2, 2, 0.5]
[22, 5, 0.0]
[79, 1, 0.5]
[18, 1, 0.5]
[62, 8, 0.0]
[60, 3, 0.5]
[65, 0, 0.5]
[45, 0, 0.5]
[92, 7, 0.0]
[64, 6, 0.0]
[61, 4, 0.0]
[15, 0, 0.5]
[86, 1, 0.5]
[57, 5, 0.0]
[13, 0, 0.5]
[38, 1, 0.5]
[78, 1, 0.5]
[78, 1, 0.5]
[12, 1, 0.5]
[29, 2, 0.5]
[31, 2, 0.5]
[73, 2, 0.5]
[79, 8, 0.0]
[49, 3, 0.5]
[45, 5, 0.0]
[11, 7, 0.0]
[65, 0, 0.5]
[68, 0, 0.5]
[74, 8, 0.0]
[56, 0, 0.5]
[85, 4, 0.0]
[97, 0, 0.5]
[92, 6, 0.0]
[54, 0, 0.5]
[57, 7, 0.0]
[32, 0, 0.5]
[28, 4, 0.0]
[57, 6, 0.0]
[38, 2, 0.5]
[53, 2, 0.5]
[34, 2, 0.5]
[93, 2, 0.5]
[69, 1, 0.5]
[9, 1, 0.5]
[0, 1, 0.5]
[22, 1, 0.5]
[98, 1, 0.5]
[77, 1, 0.5]
[12, 1, 0.5]
[75, 1, 0.5]
[16, 1, 0.5]
[55, 3, 0.5]
[14, 3, 0.5]
[55, 3, 0.5]
[80, 3, 0.5]
[52, 3, 0.5]
[7, 0, 0.5]
[14, 0, 0.5]
[20, 0, 0.5]
[17, 0, 0.5]
[17, 5, 0.0]
[15, 8, 0.0]
[84, 3, 0.5]
[1, 3, 0.5]
[88, 7, 0.0]
[67, 0, 0.5]
[1, 3, 0.5]
[88, 3, 0.5]
[59, 3, 0.5]
[10, 3, 0.5]
[58, 3, 0.5]
[82, 3, 0.5]
[82, 3, 0.5]
[58, 3, 0.5]
[63, 4, 0.0]
[41, 0, 0.5]
[24, 6, 0.0]
[36, 5, 0.0]
[95, 0, 0.5]
[24, 0, 0.5]
[39, 0, 0.5]
[50, 0, 0.5]
[46, 0, 0.5]
[96, 0, 0.5]
[8, 0, 0.5]
[48, 0, 0.5]
[50, 0, 0.5]
[8, 8, 0.0]
[72, 7, 0.0]
[26, 1, 0.5]
[71, 1, 0.5]
[94, 4, 0.0]
[26, 1, 0.5]
[5, 1, 0.5]
[70, 6, 0.0]
[21, 1, 0.5]
[89, 2, 0.5]
[71, 2, 0.5]
[51, 2, 0.5]
[19, 2, 0.5]
[89, 2, 0.5]
[66, 2, 0.5]
[2, 2, 0.5]
[33, 2, 0.5]
[2, 2, 0.5]
[2, 5, 0.0]
[35, 0, 0.5]
[76, 8, 0.0]
[18, 1, 0.5]
[44, 7, 0.0]
[1, 0, 0.5]
[60, 1, 0.5]
[79, 4, 0.0]
[30, 6, 0.0]
[60, 5, 0.0]
[18, 8, 0.0]
[45, 7, 0.0]
[22, 0, 0.5]
[65, 0, 0.5]
[25, 6, 0.0]
[18, 4, 0.0]
[15, 0, 0.5]
[90, 0, 0.5]
[40, 0, 0.5]
[65, 0, 0.5]
[91, 0, 0.5]
[86, 0, 0.5]
[13, 0, 0.5]
[13, 1, 0.5]
[27, 1, 0.5]
[78, 1, 0.5]
[13, 1, 0.5]
[78, 1, 0.5]
[78, 1, 0.5]
[37, 1, 0.5]
[12, 1, 0.5]
[31, 2, 0.5]
[31, 2, 0.5]
[85, 2, 0.5]
[73, 2, 0.5]
[73, 2, 0.5]
[29, 2, 0.5]
[49, 2, 0.5]
[62, 5, 0.0]
[42, 8, 0.0]
[68, 7, 0.0]
[69, 6, 0.0]
[56, 4, 0.0]
[61, 5, 0.0]
[87, 7, 0.0]
[73, 4, 0.0]
[49, 8, 0.0]
[83, 0, 0.5]
[49, 3, 0.5]
[4, 6, 0.0]
[11, 2, 0.5]
[68, 0, 0.5]
[64, 0, 0.5]
[56, 0, 0.5]
[97, 0, 0.5]
[56, 0, 0.5]
[97, 0, 0.5]
[7, 0, 0.5]
[32, 0, 0.5]
[32, 0, 0.5]
[38, 2, 0.5]
[38, 2, 0.5]
[34, 2, 0.5]
[32, 2, 0.5]
[93, 2, 0.5]
[53, 2, 0.5]
[52, 2, 0.5]
[69, 2, 0.5]
[93, 1, 0.5]
[0, 1, 0.5]
[9, 1, 0.5]
[9, 1, 0.5]
[22, 1, 0.5]
[98, 1, 0.5]
[74, 1, 0.5]
[98, 1, 0.5]
[28, 0, 0.5]
[3, 0, 0.5]
[20, 0, 0.5]
[14, 3, 0.5]
[84, 3, 0.5]
[17, 3, 0.5]
[67, 3, 0.5]
[67, 3, 0.5]
[84, 3, 0.5]
[1, 3, 0.5]
[88, 3, 0.5]
[88, 3, 0.5]
[16, 3, 0.5]
[58, 3, 0.5]
[59, 3, 0.5]
[10, 3, 0.5]
[82, 3, 0.5]
[58, 3, 0.5]
[82, 3, 0.5]
[41, 3, 0.5]
[82, 3, 0.5]
[54, 5, 0.0]
[90, 8, 0.0]
[95, 0, 0.5]
[39, 0, 0.5]
[80, 7, 0.0]
[63, 0, 0.5]
[95, 0, 0.5]
[24, 0, 0.5]
[24, 0, 0.5]
[77, 0, 0.5]
[46, 0, 0.5]
[96, 0, 0.5]
[46, 0, 0.5]
[50, 0, 0.5]
[96, 0, 0.5]
[8, 0, 0.5]
[48, 0, 0.5]
[96, 4, 0.0]
[7, 6, 0.0]
[81, 0, 0.5]
[50, 5, 0.0]
[8, 8, 0.0]
[68, 0, 0.5]
[33, 7, 0.0]
[51, 4, 0.0]
[34, 2, 0.5]
[76, 1, 0.5]
[26, 1, 0.5]
[66, 1, 0.5]
[26, 1, 0.5]
[5, 1, 0.5]
[21, 1, 0.5]
[89, 1, 0.5]
[21, 6, 0.0]
[51, 2, 0.5]
[71, 2, 0.5]
[36, 2, 0.5]
[19, 2, 0.5]
[71, 2, 0.5]
[22, 2, 0.5]
[66, 2, 0.5]
[94, 2, 0.5]
[66, 2, 0.5]
[33, 2, 0.5]
[2, 2, 0.5]
[33, 2, 0.5]
[91, 5, 0.0]
[2, 8, 0.0]
[35, 2, 0.5]
[35, 4, 0.0]
[18, 7, 0.0]
[44, 6, 0.0]
[43, 5, 0.0]
[35, 8, 0.0]
[1, 7, 0.0]
[47, 4, 0.0]
[70, 6, 0.0]
[37, 5, 0.0]
[18, 8, 0.0]
[30, 4, 0.0]
[72, 7, 0.0]
[25, 6, 0.0]
[87, 8, 0.0]
[83, 7, 0.0]
[23, 5, 0.0]
[42, 4, 0.0]
[33, 6, 0.0]
[62, 0, 0.5]
[75, 0, 0.5]
[86, 5, 0.0]
[10, 3, 0.5]
[60, 1, 0.5]
[29, 2, 0.5]
[35, 8, 0.0]
[1, 1, 0.5]
[40, 0, 0.5]
[3, 0, 0.5]
[6, 0, 0.5]
[22, 0, 0.5]
[65, 0, 0.5]
[27, 0, 0.5]
[15, 0, 0.5]
[22, 0, 0.5]
[65, 0, 0.5]
[65, 0, 0.5]
[40, 0, 0.5]
[55, 0, 0.5]
[15, 0, 0.5]
[85, 0, 0.5]
[53, 0, 0.5]
[86, 0, 0.5]
[13, 0, 0.5]
[86, 1, 0.5]
[27, 1, 0.5]
[13, 1, 0.5]
[13, 1, 0.5]
[13, 1, 0.5]
[78, 1, 0.5]
[61, 1, 0.5]
[78, 1, 0.5]
[78, 1, 0.5]
[78, 1, 0.5]
[78, 1, 0.5]
[12, 1, 0.5]
[31, 1, 0.5]
[31, 1, 0.5]
[37, 2, 0.5]
[31, 2, 0.5]
[73, 2, 0.5]
[73, 2, 0.5]
[85, 2, 0.5]
[73, 2, 0.5]
[83, 2, 0.5]
[64, 2, 0.5]
[83, 2, 0.5]
[49, 2, 0.5]
[11, 2, 0.5]
[11, 7, 0.0]
[68, 4, 0.0]
[64, 6, 0.0]
[4, 0, 0.5]
[64, 0, 0.5]
[49, 5, 0.0]
[92, 8, 0.0]
[35, 2, 0.5]
[54, 0, 0.5]
[68, 0, 0.5]
[56, 0, 0.5]
[56, 0, 0.5]
[97, 0, 0.5]
[7, 0, 0.5]
[56, 0, 0.5]
[0, 0, 0.5]
[32, 0, 0.5]
[80, 0, 0.5]
[38, 0, 0.5]
[38, 7, 0.0]
[77, 4, 0.0]
[19, 2, 0.5]
[32, 6, 0.0]
[7, 5, 0.0]
[32, 2, 0.5]
[41, 2, 0.5]
[38, 2, 0.5]
[34, 2, 0.5]
[34, 2, 0.5]
[93, 2, 0.5]
[74, 2, 0.5]
[53, 2, 0.5]
[53, 2, 0.5]
[93, 2, 0.5]
[28, 2, 0.5]
[52, 2, 0.5]
[53, 8, 0.0]
[69, 7, 0.0]
[9, 1, 0.5]
[52, 1, 0.5]
[69, 1, 0.5]
[36, 1, 0.5]
[9, 1, 0.5]
[0, 1, 0.5]
[22, 1, 0.5]
[9, 1, 0.5]
[9, 1, 0.5]
[98, 1, 0.5]
[22, 1, 0.5]
[74, 1, 0.5]
[98, 1, 0.5]
[3, 1, 0.5]
[20, 4, 0.0]
[16, 3, 0.5]
[28, 3, 0.5]
[20, 6, 0.0]
[98, 3, 0.5]
[28, 3, 0.5]
[84, 3, 0.5]
[3, 3, 0.5]
[3, 3, 0.5]
[20, 3, 0.5]
[67, 3, 0.5]
[67, 3, 0.5]
[84, 3, 0.5]
[84, 3, 0.5]
[70, 3, 0.5]
[1, 3, 0.5]
[88, 3, 0.5]
[88, 3, 0.5]
[16, 3, 0.5]
[88, 3, 0.5]
[58, 3, 0.5]
[88, 3, 0.5]
[58, 3, 0.5]
[59, 3, 0.5]
[10, 3, 0.5]
[10, 3, 0.5]
[59, 3, 0.5]
[63, 3, 0.5]
[82, 3, 0.5]
[82, 3, 0.5]
[82, 3, 0.5]
[94, 3, 0.5]
[82, 3, 0.5]
[41, 3, 0.5]
[39, 5, 0.0]
[63, 8, 0.0]
[30, 0, 0.5]
[81, 0, 0.5]
[95, 7, 0.0]
[39, 0, 0.5]
[95, 0, 0.5]
[63, 0, 0.5]
[91, 0, 0.5]
[24, 0, 0.5]
[77, 0, 0.5]
[46, 0, 0.5]
[46, 0, 0.5]
[24, 0, 0.5]
[96, 0, 0.5]
[48, 0, 0.5]
[46, 0, 0.5]
[46, 0, 0.5]
[46, 0, 0.5]
[96, 0, 0.5]
[8, 0, 0.5]
[48, 0, 0.5]
[81, 0, 0.5]
[50, 0, 0.5]
[81, 0, 0.5]
[8, 0, 0.5]
[76, 6, 0.0]
[68, 4, 0.0]
[76, 1, 0.5]
[66, 1, 0.5]
[76, 5, 0.0]
[81, 8, 0.0]
[26, 1, 0.5]
[26, 1, 0.5]
[48, 7, 0.0]
[64, 0, 0.5]
[34, 1, 0.5]
[34, 1, 0.5]
[66, 1, 0.5]
[26, 1, 0.5]
[26, 1, 0.5]
[5, 1, 0.5]
[26, 1, 0.5]
[23, 1, 0.5]
[72, 1, 0.5]
[89, 1, 0.5]
[21, 1, 0.5]
[43, 1, 0.5]
[51, 2, 0.5]
[36, 2, 0.5]
[89, 2, 0.5]
[71, 2, 0.5]
[71, 2, 0.5]
[22, 2, 0.5]
[71, 2, 0.5]
[36, 2, 0.5]
[19, 2, 0.5]
[45, 2, 0.5]
[66, 2, 0.5]
[94, 2, 0.5]
[22, 2, 0.5]
[94, 2, 0.5]
[33, 2, 0.5]
[94, 2, 0.5]
[33, 2, 0.5]
[62, 2, 0.5]
[79, 2, 0.5]
[2, 4, 0.0]
[75, 6, 0.0]
[60, 8, 0.0]
[75, 5, 0.0]
[10, 7, 0.0]
[60, 4, 0.0]
[62, 6, 0.0]
[75, 5, 0.0]
[60, 4, 0.0]
[57, 8, 0.0]
[90, 7, 0.0]
[62, 6, 0.0]
[35, 5, 0.0]
[44, 8, 0.0]
[47, 7, 0.0]
[42, 4, 0.0]
[62, 6, 0.0]
[10, 5, 0.0]
[87, 8, 0.0]
[6, 7, 0.0]
[25, 4, 0.0]
[75, 6, 0.0]
[14, 5, 0.0]
[17, 7, 0.0]
[33, 4, 0.0]
[60, 8, 0.0]
[54, 6, 0.0]
[61, 5, 0.0]
[92, 8, 0.0]
[35, 4, 0.0]
[4, 7, 0.0]
[55, 6, 0.0]
[62, 5, 0.0]
[29, 7, 0.0]
[10, 0, 0.5]
[80, 8, 0.0]
[75, 4, 0.0]
[70, 6, 0.0]
[29, 0, 0.5]
[40, 0, 0.5]
[23, 8, 0.0]
[1, 1, 0.5]
[40, 5, 0.0]
[91, 1, 0.5]
[29, 0, 0.5]
[40, 7, 0.0]
[29, 1, 0.5]
[1, 0, 0.5]
[40, 4, 0.0]
[60, 0, 0.5]
[45, 0, 0.5]
[6, 0, 0.5]
[3, 0, 0.5]
[65, 0, 0.5]
[6, 0, 0.5]
[27, 0, 0.5]
[79, 5, 0.0]
[29, 1, 0.5]
[43, 6, 0.0]
[30, 1, 0.5]
[97, 8, 0.0]
[5, 1, 0.5]
[12, 7, 0.0]
[3, 1, 0.5]
[6, 0, 0.5]
[85, 0, 0.5]
[1, 0, 0.5]
[72, 0, 0.5]
[22, 0, 0.5]
[65, 0, 0.5]
[6, 0, 0.5]
[27, 0, 0.5]
[22, 0, 0.5]
[22, 0, 0.5]
[22, 0, 0.5]
[15, 0, 0.5]
[65, 0, 0.5]
[65, 0, 0.5]
[15, 0, 0.5]
[65, 0, 0.5]
[65, 0, 0.5]
[37, 0, 0.5]
[65, 0, 0.5]
[11, 0, 0.5]
[44, 0, 0.5]
[15, 0, 0.5]
[40, 0, 0.5]
[90, 0, 0.5]
[55, 0, 0.5]
[42, 0, 0.5]
[53, 0, 0.5]
[86, 0, 0.5]
[85, 0, 0.5]
[86, 0, 0.5]
[86, 0, 0.5]
[86, 0, 0.5]
[86, 0, 0.5]
[25, 1, 0.5]
[13, 1, 0.5]
[13, 1, 0.5]
[13, 1, 0.5]
[47, 1, 0.5]
[13, 1, 0.5]
[78, 1, 0.5]
[13, 1, 0.5]
[61, 1, 0.5]
[61, 1, 0.5]
[78, 1, 0.5]
[78, 1, 0.5]
[57, 1, 0.5]
[78, 1, 0.5]
[78, 1, 0.5]
[78, 1, 0.5]
[31, 1, 0.5]
[31, 1, 0.5]
[31, 1, 0.5]
[12, 1, 0.5]
[0, 1, 0.5]
[31, 2, 0.5]
[37, 2, 0.5]
[37, 2, 0.5]
[31, 2, 0.5]
[73, 2, 0.5]
[17, 2, 0.5]
[73, 2, 0.5]
[73, 2, 0.5]
[73, 2, 0.5]
[73, 2, 0.5]
[16, 2, 0.5]
[83, 2, 0.5]
[49, 2, 0.5]
[83, 2, 0.5]
[4, 2, 0.5]
[64, 2, 0.5]
[11, 2, 0.5]
[4, 2, 0.5]
[54, 2, 0.5]
[54, 0, 0.5]
[68, 0, 0.5]
[56, 0, 0.5]
[68, 0, 0.5]
[54, 0, 0.5]
[56, 0, 0.5]
[56, 0, 0.5]
[7, 0, 0.5]
[56, 0, 0.5]
[7, 0, 0.5]
[56, 0, 0.5]
[56, 0, 0.5]
[97, 0, 0.5]
[87, 0, 0.5]
[97, 0, 0.5]
[52, 0, 0.5]
[32, 0, 0.5]
[80, 0, 0.5]
[32, 4, 0.0]
[32, 6, 0.0]
[32, 2, 0.5]
[41, 2, 0.5]
[38, 2, 0.5]
[38, 2, 0.5]
[19, 2, 0.5]
[34, 2, 0.5]
[93, 2, 0.5]
[74, 2, 0.5]
[34, 2, 0.5]
[34, 2, 0.5]
[53, 2, 0.5]
[93, 2, 0.5]
[93, 2, 0.5]
[14, 2, 0.5]
[28, 2, 0.5]
[74, 2, 0.5]
[53, 2, 0.5]
[52, 2, 0.5]
[52, 2, 0.5]
[69, 2, 0.5]
[52, 2, 0.5]
[36, 1, 0.5]
[69, 1, 0.5]
[9, 1, 0.5]
[0, 1, 0.5]
[9, 1, 0.5]
[0, 1, 0.5]
[69, 1, 0.5]
[36, 1, 0.5]
[9, 1, 0.5]
[69, 1, 0.5]
[9, 1, 0.5]
[9, 1, 0.5]
[9, 1, 0.5]
[98, 1, 0.5]
[0, 1, 0.5]
[74, 1, 0.5]
[22, 1, 0.5]
[98, 1, 0.5]
[98, 1, 0.5]
[98, 3, 0.5]
[43, 3, 0.5]
[74, 3, 0.5]
[16, 3, 0.5]
[16, 3, 0.5]
[28, 3, 0.5]
[98, 3, 0.5]
[28, 3, 0.5]
[3, 3, 0.5]
[84, 3, 0.5]
[77, 3, 0.5]
[28, 3, 0.5]
[3, 3, 0.5]
[20, 3, 0.5]
[67, 3, 0.5]
[67, 3, 0.5]
[84, 3, 0.5]
[84, 3, 0.5]
[84, 3, 0.5]
[84, 3, 0.5]
[20, 3, 0.5]
[70, 3, 0.5]
[50, 3, 0.5]
[67, 3, 0.5]
[88, 3, 0.5]
[88, 3, 0.5]
[70, 3, 0.5]
[18, 3, 0.5]
[88, 3, 0.5]
[70, 3, 0.5]
[58, 3, 0.5]
[88, 3, 0.5]
[1, 3, 0.5]
[58, 3, 0.5]
[45, 3, 0.5]
[10, 3, 0.5]
[88, 3, 0.5]
[58, 3, 0.5]
[59, 3, 0.5]
[58, 3, 0.5]
[10, 3, 0.5]
[63, 3, 0.5]
[59, 3, 0.5]
[51, 3, 0.5]
[59, 3, 0.5]
[59, 3, 0.5]
[82, 3, 0.5]
[82, 3, 0.5]
[82, 3, 0.5]
[82, 3, 0.5]
[41, 3, 0.5]
[82, 3, 0.5]
[82, 3, 0.5]
[30, 3, 0.5]
[30, 5, 0.0]
[30, 8, 0.0]
[94, 7, 0.0]
[95, 4, 0.0]
[81, 5, 0.0]
[41, 6, 0.0]
[39, 7, 0.0]
[39, 8, 0.0]
[95, 0, 0.5]
[39, 4, 0.0]
[81, 0, 0.5]
[63, 0, 0.5]
[30, 0, 0.5]
[41, 0, 0.5]
[91, 0, 0.5]
[24, 0, 0.5]
[24, 0, 0.5]
[77, 0, 0.5]
[77, 0, 0.5]
[95, 0, 0.5]
[46, 0, 0.5]
[24, 0, 0.5]
[46, 0, 0.5]
[46, 0, 0.5]
[46, 0, 0.5]
[96, 0, 0.5]
[24, 0, 0.5]
[46, 0, 0.5]
[48, 0, 0.5]
[79, 0, 0.5]
[21, 0, 0.5]
[46, 0, 0.5]
[92, 0, 0.5]
[46, 0, 0.5]
[46, 0, 0.5]
[48, 0, 0.5]
[25, 0, 0.5]
[96, 0, 0.5]
[96, 0, 0.5]
[96, 0, 0.5]
[8, 0, 0.5]
[8, 0, 0.5]
[48, 0, 0.5]
[46, 0, 0.5]
[48, 0, 0.5]
[48, 0, 0.5]
[46, 0, 0.5]
[81, 0, 0.5]
[23, 0, 0.5]
[50, 0, 0.5]
[81, 0, 0.5]
[81, 0, 0.5]
[76, 6, 0.0]
[8, 5, 0.0]
[8, 8, 0.0]
[76, 7, 0.0]
[50, 6, 0.0]
[76, 4, 0.0]
[50, 5, 0.0]
[66, 8, 0.0]
[90, 4, 0.0]
[66, 7, 0.0]
[81, 6, 0.0]
[81, 8, 0.0]
[76, 5, 0.0]
[66, 7, 0.0]
[5, 4, 0.0]
[72, 2, 0.5]
[50, 0, 0.5]
[44, 6, 0.0]
[38, 2, 0.5]
[26, 1, 0.5]
[26, 1, 0.5]
[66, 1, 0.5]
[57, 1, 0.5]
[26, 1, 0.5]
[26, 1, 0.5]
[26, 1, 0.5]
[64, 1, 0.5]
[34, 1, 0.5]
[34, 1, 0.5]
[34, 1, 0.5]
[26, 1, 0.5]
[34, 1, 0.5]
[64, 1, 0.5]
[34, 1, 0.5]
[26, 1, 0.5]
[87, 1, 0.5]
[23, 1, 0.5]
[5, 1, 0.5]
[5, 1, 0.5]
[23, 1, 0.5]
[72, 1, 0.5]
[42, 1, 0.5]
[89, 1, 0.5]
[21, 1, 0.5]
[51, 1, 0.5]
[21, 1, 0.5]
[43, 2, 0.5]
[89, 2, 0.5]
[89, 2, 0.5]
[71, 2, 0.5]
[71, 2, 0.5]
[71, 2, 0.5]
[71, 2, 0.5]
[71, 2, 0.5]
[71, 2, 0.5]
[22, 2, 0.5]
[71, 2, 0.5]
[19, 2, 0.5]
[19, 2, 0.5]
[36, 2, 0.5]
[94, 2, 0.5]
[36, 2, 0.5]
[45, 2, 0.5]
[45, 2, 0.5]
[19, 2, 0.5]
[33, 2, 0.5]
[94, 2, 0.5]
[94, 2, 0.5]
[22, 2, 0.5]
[94, 2, 0.5]
[33, 2, 0.5]
[79, 2, 0.5]
[79, 2, 0.5]
[18, 2, 0.5]
